0101101011111
1100001100001
0011110101001
0000111000001
0100001111010
0000001101110
0110001001010
0101001010010
0001101101110
1010110010001
1001011111000
1001101100011
1001100001011
1100101100111
0011101110010
0011100000101
0011101100000
1011000100010
0001111001111
1011111011101
1110001110000
1110100000001
0100011011101
0000110110110
0010010111010
1000001101101
1110110100001
1101010101011
0110100101101
0111100100111
0000110110110
1111010110101
1110111100111
1010110010010
0100011101001
1101100101011
1001011111010
1001010010011
1111010010110
1111001000100
0100010110101
0100011000111
0111000001000
1100010101110
1011000111000
1001011010001
1110111000010
0111101001001
1100100001000
0011000110010
1100101001110
0101111010001
0010010001011
0000010101111
0110010100100
0100100010100
1100101111001
1000000111000
0010011100010
1101001110111
1011101001001
1110001111110
1010010111001
1010100111011
1110011100110
0011101101100
0000110001011
0110001000101
1000001000001
1001010011101
0111010101110
1111110110001
1110010101100
1100100100011
0000100011101
1001000000001
0111111010001
1011100110100
0111010101111
0111011000100
1011001001101
1111001111001
0000100110011
0110011011010
1101111110111
0011110111000
0100111101001
0000011100011
1111100101001
0101100000101
0110100101001
1101001010111
0110101100100
1111110011110
1100011111101
0110110111110
0110001001100
0100110011110
0001101101101
1011010011100
0001000011011
0100111011001
1100011101000
1100101011110
0101001101001
1000011000101
1011011110011
0110011110001
0100100110111
0000101100000
1010101100101
1011100110000
1001011101111
1001001100010
1011101101011
1011010000101
1001111001110
1100011100101
1100010011001
0100001100000
0101011011011
0101111101101
0100001100111
1110110000100
1010010111111
0100010100010
0110001110001
0000001011100
1001110101100
0010001110010
1001100111000
1110111100100
1101010010010
0100001001000
0110001110001
1011110110101
1000010001000
1010010111011
1000100010000
1101101100010
0110011001110
0100001010010
1000000101110
0111101000001
1001100100111
1110010011001
1111010110000
0110001001100
1000010100001
0101111001011
0111001001100
1000111110100
0111110011101
0101111101010
1010011100100
1111011000010
1001001100100
0110111101101
0111100100010
1000101110100
1111000000100
1001001111001
1011000001100
0100110011010
1101111110101
0111001101001
1001110110110
0111100111001
0011000110011
1001111011000
0011000010011
0110101000010
1111110010110
1100011011011
0100111100111
1000011111000
0101000111111
0010100001010
0011101111001
0000111101100
1100100111110
0100011000001
1101001110011
1011010101101
1011001101110
1000011010000
0010000000110
1111111011111
1001110101110
1010011110011
1010000101111
0111101000000
0011001000001
0001101111001
0010011111101
0010111110011
0101000111011
1101101010011
0111101111011
0010010010011
1000011110001
0000100000111
0110110100101
1001001101011
1011100000100
0000101100110
1000101111000
0101110001011
1110010011001
1001100111100
1100101110101
0110010000001
1000100000100
0110000110110
1111110011011
0111101100101
0011001010110
0000111010101
1010100101110
1101110110110
1000001000010
0010001001110
0001001100001
0010100100110
0001011100101
1011010010000
0100000000000
1001000011011
0010101011011
0100001010000
0001101111101
1010101100011
1101010101001
1011000110101
0000100011101
0110111111011
1011100111111
1010000010000
0101001011010
1000000001111
1110000110100
1000010111010
0100000010111
0101110011101
1110011111000
0010101100010
0000010010001
1011100100100
0100011010001
0111110111101
1101111001000
0000100001100
1000000111101
1100011000011
0001100010000
0011111001011
1001001011111
1101010110011
0101101000010
1011110001011
0000000010100
1101000010011
1011000001101
0100101101001
1101000011001
0110000001110
1000010001110
0110001001000
1110011110111
0110100100101
0101110101101
0101111100110
0000001010110
1101001011001
1100111101000
0000001001001
0011011101101
0001000001001
1010100010001
1000001110010
1101011011011
0110110111010
1010000111101
1101110111101
0101001101010
0011100011111
1111100110001
1110100100011
0101011001101
0001010100010
1110111010100
0110110011111
1110000110000
1010101100111
0001100100111
0100111000001
1000110101000
1101110101110
1011101001100
0111110110111
0000100000111
1101110000010
0011110111011
1011000011000
0000101010010
0101011000010
1110011010110
0111000111110
1111100111110
0010010110001
1100010001100
1011100100001
1001010000100
0011011110100
1001101001100
1110010101111
0110101000100
0110001001101
0001100011001
1010001111011
0011010001001
1111010100001
0010000111101
1000010011111
0011110010001
0101101101111
0111101110010
0100000000101
1110011000110
1101110010101
1001010100010
0101110000000
1101101100010
1110011110100
1110001100100
0111100000011
1111110100000
1101000010000
1011000001110
0000010001110
1011010001111
1011000101011
0111110000101
1110000111011
0101111101111
1101000111101
0011010100101
1001011111110
1100110100110
0011101101101
0101100011011
1111101000110
1110100000010
1001010110111
1101100101100
0101101110001
1110100001100
1011111000100
0000011100111
1101011110100
0100010011011
1011100110101
1110010110101
0100001010010
0100011000100
0101110100011
0000110111011
0010000001111
0100001111001
0001111101000
0011000100010
0001100101000
0010111101111
0111111000111
0100001010000
1100011101010
1100001100101
1011101011001
1001001110000
1010101101001
0000011110000
0011101011011
1100001111011
1111001100111
1000111111010
1111101010110
1110101110010
0111010001010
1101000001100
0110011000101
0101111100011
1010100101100
1100110110110
1111111000010
1010111000101
0110110111011
1011101010110
1011011001101
1001100000101
1010000111000
0100111010010
0101010101010
1000010010011
1111000111000
0011111100001
1101111000100
0100001011001
1011100111010
0101001011010
0111001111010
0000110000111
1000001110111
0011001000010
0011101010100
1011000111101
1000110011010
0100001110011
0010010000110
1010110101111
1010101001001
0010000011100
1110010011100
0001111001011
0011000100100
0110110001011
1010011111111
0001101001110
1001001001100
0001010011001
0010110000100
0010110100101
1011011001010
0011001010010
0010100111111
1010100100110
0011111100101
0001001011011
1010101001010
0101101010010
1001110100111
0000011000000
1111110011000
1100011110100
1011100000010
0100000110000
0100100011011
1011011101110
1010011010011
0000101000111
0010010001001
1101001100000
1100100100010
1001101001100
0011111110110
0010110010010
1101011011001
1001101011001
1010101110000
1110001011101
0001100010011
0000100101000
0101001110101
0100000000001
1111101001100
1111011001010
1110000010110
0000100101011
1001101101001
0010111011111
1110101000001
0111100111110
1010010111010
1100100011000
0110000000001
1111011110110
0101101110111
0011111000111
1001000000010
0001111101011
1001110011001
1110110000101
1111100011001
0011000101101
0110101010010
1010100010000
0010100101111
0100111001110
0011100110100
1111110011010
1110100100101
1101110010000
1010011000010
0000010000100
0010011101000
0110010111101
0100011001111
0000011001100
0001001010011
1000100000000
1011100111111
1101000011111
1001100001101
0001000011010
1101001001011
1011110111000
1001110111000
1001101010001
0010000000010
1100101001101
0111110101000
1011011011001
1011100010100
1000010111011
0000100010110
1010100001110
0011100110100
1011010010000
1010111011110
0001000001100
0101001111001
0001001010101
0101000001101
0101010000110
0010100010010
0111101110101
1100100010110
0110101010001
1101100000101
1011101101011
0110000110000
0100111010111
1001111011111
0010001000110
0010101100000
1001110010111
0101010111100
0001001101111
0000111011010
1110011011101
0110110010101
1011101110101
0110010000010
0001000000010
1101001001011
0101111001100
0111000100111
1000100010100
1011010101111
0000110111001
1001000111100
1110000110100
0000000100000
1010001110010
1110010000110
0111100111111
1111010100110
1011110011100
0111010001101
0101111000110
1101100000011
1110100011011
1011100111011
1010000001101
1101010100110
1100010110011
0110010111110
0011110110110
0110011011100
0110110000011
0011000000110
1101111000000
0011011100100
1011000010101
0101100110010
0001111000011
0000101001110
1111111010000
0100110101101
1111000011000
1101100100111
0001011010110
1000111001110
1100101100010
0101001000101
0111101001001
0011001111011
1011101110110
1011001000001
1101110110100
0110010110111
1000100111000
1001100011110
0011001110011
1001100111011
0100100111101
1110110000010
1101010001011
1101100011101
0010010010001
1100100111110
0001101101111
1001111011110
1011110110011
0001000001111
1111000001101
0110100110001
1000100100110
0101101111011
0101011010111
1100011011010
0110110110010
0110111010010
0111001101100
0111100101010
0011111000001
1110101000000
0100010010111
0111010010111
0001000110011
0010011010010
0101111010011
1110110100000
0100011110100
0101110110100
1111111001111
1011100111000
1001011110111
0110110001010
0010000011011
0111010010101
1111111111110
1101110110100
1001001011011
0111111110100
1100000101010
1000100010110
1001110000001
0000101101101
0000010100000
1000010001101
1000001111000
0111001101001
0011111011001
0011000110111
1100001010001
0100011001100
0101010110001
0010111110010
0010011110110
0110111000101
1000001101100
0001111011100
1111111001010
0101001011110
0110010100001
0111011111100
1011111111000
1100001110110
1010110110001
0001010011111
0000001000010
1111100000100
1111001101010
1001111000111
0100011111100
0100000110010
1111001001010
0100001001110
0101111110110
1100010011110
0010101010001
1000000001101
0010000011000
1110110011000
1011001100110
1110000100000
1100110010000
1100111100111
1101110000011
0010100011011
0110110010101
1111101010010
0100000001111
1010110011100
0001100000010
1100101101010
1101011111111
1101100011110
0100110100001
0100000111000
1111001100101
1010000000100
0100111000110
0111010011000
0101100010100
1101100100000
1110100000101
0011001110110
0111001001010
0000000100111
1011011111000
1100000111000
0110111011100
0011111011100
1000101110001
1101010011010
0101011001100
1100001111010
1101010011111
1111010010101
0100001100101
0101010100100
1000000110001
1011010010011
0010110001010
0111000001010
0111111110001
1111010000101
1110001110100
0001001100010
0010101100100
0010001001101
0100101100010
0001111000000
0001100010100
1011010111111
0101001000110
0010111001000
0110011000011
1011111011000
0100010011000
1010011100101
0111011110000
0000000000101
0100100001100
0010111110110
0000000100001
0000111111000
1011101011001
1101000011000
0000111110001
1010111100000
1101101100100
1101110001100
1010110111000
1111101010100
1100010000010
0001001110010
1001000101000
0010001101110
0000111001010
1010010101111
0100000000001
1000110101100
0110110011101
1010000101100
1000100001111
0000110010111
1000011001110
1111001110110
0101110000011
1111011101001
1100100011101
1001001111011
0010110010101
0101101011010
0101111101001
1101110001001
0110001100111
0011001011001
1011011101111
0001011100010
1101101011110
1111110101011
1000010000100
1001011110100
0000100110100
0011001100000
0001011111001
0101000010100
0011000100010
0111010001111
0101000011000
0111010011001
1111110010001
1011010010001
1000000000001
0110011010000
1110011010101
0011001001100
1011111110001
0010010011100
0100001000011
0010010011000
0001111100010
0001111011000
0000000000001
0100011000100
0000111000001
1001111011010
0000001110010
1000001100010
1110110011110
0001011011000
0111010101001
1101100101111
0010110010110
0001010011101
0100011010010
0101111111110
0111101010110
1100010101000
0100011111001
0110101101111
0011111110111
0001010011001
0000101101011
0110010000111
1100110011100
1000000110110
0111011111001
1000101011100
0101001111101
0100101100011
0100010001000
0101100000011
0100110111101
1100001111011
1100000000001
1100111010010
1110011001001
1010110011100
1111011100000
0100110101000
0111010100111
0000100000101
1010111110010
0001101010000
0101100110000
1001111110100
1111010000001
1101000111100
1001101011001
0100111111100
1101111001110
0001000000010
0110110001110
0110000100100
0100100101101
0111001101010
1111011101100
1010110010011
0010100100110
1011000010111
1011101101111
1110000100010
1001001100011
0000101100101
0011100011011
1100001011000
1111001111001
1101111100110
1100011001100
1101010101001
0110100001011
1010111110010
1010101100011
1100101011110
0010011011100
0011001111001
1111111000001
0000010000010
1101001001101
0111011110000
0000111110111
0111101100010
1110000100100
0101111111010
0000100011011
1001010101001
1010011111001
1000010110110
0101111010010
0111011100011
1000001001010
0110110110101
1000111011010
0110100010110
1010010101111
0001010011011
0110011100111
0100010101001
1101010100111
0110101110110
0000001101000
1001110100010
1110110000011
1100110000010
0110111110000
0111001111000
0010100010010
0000000100011
1000111011010
1000101010001
1110110101110
1000000100000
0110010101011
1001000101101
0011101010010
1111100000010
1110111001011
0110001001111
1110101001011
0010100011101
0100011101110
1111000011000
0000110100101
0101000010110
1000001100111
1010000101110
1110111110011
0000111000000
0001000100101
0001001001000
0101111101101
1101011110011
0110011000010
0001010000011
1000000000000
1011101001110
0110010010101
1010100111001
1110111000111
1101011100011
1110011111010
0011111001100
1000011111101
1011001111101
0001101100001
1001000111011
1001000111101
0001101111101
1011011111101
0110011000101
0010111011101
0000011100000
0111001000110
1001110100000
1010001011010
0111100000100
1101000110110
1011101101100
1011101110101
0011111000100
1101100010101
1100001011111
0100111111110
0010011001100
1110101011110
1110101010110
1011111010000
1110010000101
0101101101110
0001100101101
0000100101111
1011000000100
1111110101101
1100011110010
0110010010100
1010000110011
0101010111000
0011100001100
1011001110000
1111101001111
0101010010101
1011011111010
1101111001101
0100010001010
0101100110011
1110101000000
0000111001110
0100110011000
0111110010011
1100001111010
1010111001000
1000101110000
0111001100111
0101100101010
0110011010001
0100000001001
1101111011100
1110110101100
1110110110110
1100001010101
0011101101000
1001001011111
1000010011101
0011101111011
0100000010110
1111111000100
