11100011001
11010100011
11001101000
01011111101
00100110111
00001001101
11000100111
10111001111
00001100001
01100100011
10100000010
00001110101
11011000011
01011111110
10111101100
00101111111
10010100000
11101110111
11110110001
00000110111
01100000010
00001011010
10010110010
00001100010
01100001101
11001000111
01001101111
11110110100
00001111000
01010110100
10000000000
11010111011
10101011101
10100100011
01110111110
10101011110
11000111001
11111111001
00000010110
11100001010
01000101000
00010101100
11100101010
01010011100
11010110111
01110101111
11000100111
11111110011
10101000111
01111100010
10110101110
11000111001
01111001111
00000110000
00101111001
00000101001
01101101101
01101101011
01011001111
01100110001
11110101011
00011011010
01111000011
11100101000
11110000000
11110101001
10110000111
10010010010
10110001001
01011101111
00101010011
01011010000
11000001100
10100010110
00100101000
00011101111
11000011011
10111111001
11010001001
11000010101
00111000100
00100001110
11111110101
10110001001
10111101110
10111000111
11000111111
10101111101
11010101110
10010000110
00010011001
10111000011
01001110000
11101100111
11000110110
01100011000
00011110001
00011000100
11000001110
11101010110
01110110111
00100110000
11010111010
11011110010
00001111110
00011111100
10110001001
01001010000
11000111110
11110110010
00001010000
10100101110
00110011000
01100101011
11100010101
10011100000
00011000110
11010110000
11111000111
10000011011
11100001001
10001110001
00100011010
11100101101
01011001100
01111001101
11110100101
00100100101
10101000110
00110010110
00101110111
11111010110
11011111011
10010000111
01100010101
01011000010
01000101101
11010010100
11000100011
01110011011
10101001010
11001011100
00101101000
10000001000
00001000010
11001110101
00010100000
01011111111
00110011110
00110010010
10010101100
01011001001
00000001011
10010100010
11111011000
10001100001
11100101011
10100011100
10000111010
10010101101
01111100001
00011110001
01110111100
00100011001
01010110111
10110001001
10001000111
10001001111
10010001001
11101011111
11011000101
10101101100
10010101110
10010010000
00101111101
10101010010
11101101111
10100111101
10010011011
00100100100
01010001011
01010000111
11011010110
11111010110
01110110101
11011110001
01000001010
01011000000
10001011010
10011011111
01011101100
00100010110
11100111000
01101000101
00011010011
00001001111
01111001000
10110101110
00000010000
10010110001
00110000111
11111000110
00100000110
11111110111
00111011010
10010101011
10100011011
11011000010
11001000110
11001110101
00111110011
00101011100
11011111000
10110010101
00000010000
10011110101
00001101110
11101011011
11110100000
10111111101
11100000111
11000011000
01001000010
01100110000
01011010010
00011001110
01101011001
01000000011
11101100011
11111001011
11101001000
00000101111
00100101110
11110010111
00101000011
10001101101
10111000110
10110110001
11100011011
01000100110
11100111111
01011100010
01100001100
01100010010
00101100000
11011011011
00010001010
11010110011
00001010011
01001111010
10110100100
01011010011
01010110110
11111001111
00101011111
00011110001
00100000011
01001111101
10111001100
10010000100
10101101001
10011110101
10111000000
11101000101
01011011000
10101001011
01011001100
11101001101
00101010011
00011111101
01101011011
11111010011
01110111110
10001100111
10110100000
11000110010
01111100001
00110111000
10111110111
11001001100
10111101111
10110010011
10100010000
10000001100
00100111110
10110010001
01100100011
11001101000
11111110111
01010001010
01100100111
01010011001
01111111111
00101101001
01101100111
01001011010
01110010000
10110010110
10000000110
10100101100
00010100000
00111100101
11010110111
00000101011
10001100101
10101001100
00010000111
00011011111
01000101110
01000110011
00111011011
01010010100
11001001001
00001101010
11110001001
11011111111
10011001100
10101000000
00101100110
01000101000
10101101100
01101101111
11011100100
11000110100
11011110111
10101110101
11111110110
10110001110
00110001000
11001111101
00101110100
11101101110
11010010010
00010101110
11101011001
10010111010
11010001000
10010101101
00001110011
01111111001
10100101101
10011110011
01101000010
01100001100
11100100100
01111101111
10000000111
11101110101
01000110111
00001000110
10010001110
10100011000
00101111011
10011011001
01000001101
01010011010
10101111011
00100001010
10101010110
10001101101
11001100100
00000100000
11100010100
11011110101
00001111000
10010011001
00110111101
11111000001
00011110111
10010010000
00110000011
01110010001
00100100100
11000110110
11110110110
00011101100
10001110111
01000011110
00000111100
01101010110
10010010000
10010101000
00101011111
00110010111
11000010011
10000001010
00000110000
01110011110
11000010101
01001101101
01110101010
01110000100
00001111011
00000010111
10111001011
10000000100
11001000101
11111000011
00100000010
10101001011
11010001001
01100101000
11111001111
01111010010
11010101001
10101101101
11100000111
00110110011
01100101001
11011010100
00001011101
01101100101
01001110110
11011001111
11011110100
10101111110
00110101011
01010100110
10111000101
10011111001
01100001101
01100101101
01000011101
00011111110
01000110001
00001011110
00101101000
11001001100
11110111000
01001010010
11100101011
01101101000
00100101111
00010101001
11010001101
11011001011
00010100000
01001110101
00111011010
01010101111
11100011111
00000101110
11000110100
01011011110
01011100100
11110010011
01111010100
01001010100
01110100011
00001110000
10010111000
11111110010
00000101011
00001110011
11110011010
11101011100
01111101000
00010100100
11001100110
01111111100
00001001011
01000011100
01000011110
11000001111
11101000000
01111110011
01101011100
11000101111
11001100101
01000011100
10001001000
00000101101
11101010110
11100000110
00010010101
01100000111
01011010111
01111011001
10000110101
11001101010
10111010000
11100001111
10000111001
01111100010
01100010100
11011011010
11101011010
01100101010
01100010001
01010100011
01000010110
10100111100
01100001010
01000100110
01000101101
10110100101
11011001100
11101011100
01101000111
11000001101
10100000111
10100001001
00111111011
00111010100
11001001001
00010111011
01110010001
11101110110
10100001111
11000100110
10110100001
01110110000
00101100001
01111101100
01000011000
11011111010
00000001001
01111000110
11100001010
01011001001
10000100111
10001001111
11010001001
10100111011
01111111111
01111000100
10110110101
10001110001
00110010101
11001100011
00001110000
01011110001
11000110010
01000011101
01111000001
11111010100
00110001101
00001101111
10000111011
11111001111
01111010100
11101100000
10011010011
00011010010
10011101111
11110001011
00100010001
10001011111
11001100111
10110110111
00111101001
11000101111
11010100110
10111101001
10111001011
00101100001
11001001101
01111010111
01110001111
01100001010
01010001111
00011001010
01110000001
11001110101
11111111100
00010010100
10101101001
11010011010
00101110000
10110100000
01110010101
01000000101
10001100100
10011111110
10101000010
10000001100
00000111001
11011010001
11100100001
00010110010
10011011010
10110101110
10001011101
01010110011
10111100010
10111011010
00101101001
01111111111
11010000010
11011100100
01011110100
01111101011
00100101010
10101100100
00100010000
10010000100
10111010111
01010111010
11111101010
01011101100
00110101110
10100010010
10111010000
01110001011
10011010011
00100000000
01000000110
00000000111
00010111000
11111010111
01100011100
11111111100
10000101101
01101001110
10011001010
00101110111
00110111010
00101000000
00100110011
01111111011
10101111010
10100111010
11011110111
01001111010
01100111111
10010110010
11011001101
11100010110
00110010101
00100001101
00001010111
01000011110
11101000110
10100011111
01101110100
01000110111
00110010011
11000100001
11100011100
00111101001
00110101111
01000101111
01011011011
11111100110
00001110100
00110110110
01000000101
10110110101
01110111011
00001010111
01000011100
00001100010
10110111000
11111101001
10100111101
01111110000
11001011101
01110101010
11000011111
10011010010
01101111110
10000011010
11000001100
01101001000
10101111001
10010110110
11111011001
11110000000
00001111001
10111111110
00111011110
00001100101
01010101111
10000111001
00011100110
11111011011
00010000110
11100011101
10101100000
11000001001
01010100110
10110011110
00000001010
10010111000
11101101010
11011000000
00101111000
10100110001
01010010000
01010011010
11111000110
11110111000
00000100001
01011010000
10001000000
00111100110
10110010100
11010000101
01101010101
00110110011
00000010001
10110010000
10100110111
11100011101
10111110101
00111111010
01100001011
01111011001
01110100011
10011111110
10110010110
01111100000
01011010100
01101001010
00000001111
10000110100
01010101111
00000000001
01010011010
00001001011
00110111101
01111011100
01111011000
01111110010
11001101110
10011001001
01001010001
00101110100
00111010000
11111110111
10100110011
01010010001
00011101111
11000001001
00001110000
00000000001
00101111100
01011100001
11100101101
11111110001
00010110010
11010111011
01100001001
11101111110
11000001000
00010010010
00011101010
11101101011
01110111100
01001000110
11001010101
11000001010
00111001101
10011011111
11011000011
11000001011
10110111001
01111010000
10101000100
11010001100
00000000100
10111100100
00100101100
00000101101
10011111111
11111100100
01010011110
01111101001
11011100001
01011111011
01000011000
01000100110
00001001111
10100100000
00000100001
11101010010
00101111001
01011010001
11000101010
01111100111
11011111000
10000001011
00001010101
10011000100
01101011111
11111010001
01001010010
00001010101
01101100100
01011001100
10111000010
00011011111
10101001101
01100010010
10110111011
00001010011
00010110011
00010101011
11101100111
01011110110
11000001110
00100001000
10001110000
11111010111
11110011000
01101000100
10101000010
00001110010
00001000001
10100101100
10001110011
01011110101
11010000010
11101001110
01110001101
11010110001
11010100000
11101001000
01101010000
10001110110
01110100101
00001110100
01111000001
11101110001
00001010011
00111100001
10000111010
10010110110
01101010000
11011110011
11011110110
01101100100
10011011101
01011000010
00111100000
10101000110
10001110100
11010011001
10111010100
10100111101
00101100101
11000110101
00010001111
11110110110
10001111110
01011010010
01101111101
00011000100
01001110001
01001101010
10101011000
01111001000
01100100010
10010000100
01100001100
11011101010
00000101111
00100101001
00010001111
11011001010
01101101110
10011010111
01000101101
11110110001
00110010001
00100100011
11011101100
10001011110
01010100011
11010010000
01100101011
00000110000
10110010000
11111010111
00011011100
00100100010
01100100101
01001000100
01101111110
10011000110
01001111011
11011111010
11000000101
01011010100
00100011001
11111011111
11000111110
11010011010
11000001011
11101111110
11101100011
10011010101
10110001110
00101111000
10100011000
11111000000
00111001100
11011111111
11001110011
01110111011
10000111010
10011111011
00001001000
11110110000
11111111100
10100111111
01011010111
01010111100
11001110000
11100100010
11101001001
10001011101
01000100010
01100111111
10101110111
00111011101
10010001001
10010100001
00000000100
01110000100
01011110000
01101001111
11001111001
11001101000
11101010110
10000010101
01001011101
11011101011
11010111100
11001101010
00111101000
11110011101
01100111101
01110110110
00100001000
01101011011
11111111100
11010101110
00101001011
10000001110
01100100001
00011111100
01111110101
11001001010
01101111110
11000001100
10101001110
01001010110
11100000001
11100101111
10010110001
11001011010
10100010010
10010001100
01000110100
01111001000
00011100101
00001110110
01010000110
00111101010
10111100110
01100001110
00100000110
01010101100
11101001011
00101010010
01101011000
10101111110
01011001001
10100111000
00100010101
01110110011
00011100111
10010111010
11111110010
00000010010
10100000110
01111011001
10100010111
01111001001
11001100111
10010010011
01100010011
01110101011
10000001010
01111111111
00110100101
11101100010
11000010111
10000000011
11010100100
00101111000
11010001111
10110011101
10101010110
11011010110
10111110111
01101110001
01110110001
01001110101
