000111111110001
011100100111011
001111000000101
001010100101000
111101010001001
011101100100000
001011010100100
101001110111011
110010100111100
111001100000000
011011110011000
011100011010010
010111101101000
011010011010110
100011010011100
000101000011010
010011100011111
000100110000101
010000000101001
010011000100001
110000111101101
100011010010101
001001110100011
101100100100110
111111000000101
000110101000001
000011001111111
101100000000100
011010111010011
101000111010001
001000001001011
010110111101001
000111100001000
011100101011110
001111001110110
110110010000110
100100010010000
111000010000011
000101000100010
001011001011100
001011110101101
101101000101101
001000100100011
001110000100000
101100011100000
001010010001001
001011010010111
001110011010110
101001010011001
111111011100001
001111110100010
100100010010100
101110110100111
000101001101110
110010001011010
110110111100101
111001010010000
000111000011100
001101111000101
011100010100100
010110100111111
001110000000110
001010001101000
100111001011111
001000100011000
101100110101100
011010011110100
010010101100000
101000010111100
010101111100110
100110011010110
100011101101111
101000101110100
011011010011101
001000111010000
110010100010000
011100010010101
000100001101111
000000101001011
000101000010101
100101100000110
101011101110110
001011001010110
101011011100010
000011000101011
110101101110110
000110110110011
111110001111001
001011011100010
100110000100010
001101001001011
111110101101000
001101101011100
101000001111110
010110010111001
011001101001100
010101011001100
111101100000010
111111100011011
000011000111011
001101110110001
001100011011000
010011001011010
000111111011100
100101110010011
100100011101001
011010110011010
010110101100101
011110001001011
001010100011001
011111010100111
011011000110010
000000101011001
101101000000011
000100000011001
000011000010111
111011011111111
100111111010110
100101110011101
100101101010111
000010010001111
000000000111100
011100111011000
011110101100011
011001011010000
110011101101001
101010101000001
100110010001101
101101111100110
111110010010110
111111010011101
010001101111100
001111001001010
000001010100010
011110110110001
010010010110000
100011100010010
110101110010110
011110000011100
100010100001111
001010000111000
100110010111010
111011100101101
010100000101101
100111010000000
010111110111101
101100101111000
001111100101100
001100111011000
101011000110011
001100011101001
101011111010111
111101111000110
110010100101000
011000111010010
111111100000000
000101001000111
011101001011101
000011111000001
000100101100110
010000101100101
010110011101100
111001000001100
010101100001010
110010110110011
010000010101011
110001100111101
011001100001111
101001111010100
100111000010001
010110110100110
011000001101101
000100101111101
110010100010010
001001001010010
001110000000001
011111111001101
110001100101111
001010000001111
010010101101111
101110101101010
111101101001111
101000000110010
110010110010101
111100100111001
110100101100101
011000101011111
011011001101111
111111110111111
001000000111101
010011010001010
000001110100100
010101110110010
100011001110100
011110111010111
101110010100110
110111100111001
000110001100111
100000101101011
010011010001110
010111100101000
111011000110001
001010011001111
111010000100011
011001100110010
110001011011100
100111000010100
011011010111110
100110111010011
001101010000011
101001000101110
011111010011001
100100011001100
110110010011111
100110001010101
101101010100010
011110100010100
001011001111001
101010011110111
110111011111111
111100001010000
111100010111111
010000010011101
100100100101110
000111010001000
101101010100101
001011011100011
011111110010000
101101001000100
011010111111100
100001110010000
011111001001011
100001111111110
010100000010011
110110000111110
111000000000100
111110110000111
001100010010110
101001101110100
100110001001011
100010100000011
100111101100000
011000011111011
101100010010100
111000110100000
100011111010110
010101011100011
110101100111110
110010001010000
110010011010010
010010111010100
000001001011100
000010111000001
101110000001101
101111011111001
011000010111001
100101100010001
101110011011010
110010011101001
011100101110101
100000011101100
100001011100100
100111111100010
000000110011100
111011001101101
010011001001010
100011010100100
101101101111111
000000010111110
110001001000000
110011101010001
010101011001011
111111111001101
110001001100100
111010010110000
111011100001110
010011001110001
001111111100101
000000011001000
010000011010111
000011011111110
000000011010001
001110110001000
010000011111010
111111101011110
111011100010110
011000100011000
110111100100010
011011010010010
101100011000011
101011100010000
010110000110011
000111100110001
101001001010010
000111000011001
111011000001000
010100110101000
010000100011100
010100110011000
000110001001101
101101111001001
000000011011110
001101100000100
101000000011111
000001010000010
111110010100011
100111010011010
000010101000101
010110101101101
111111010111001
001111100001110
100001000100110
010011000011000
101001101010010
001001100010010
100010100010011
011110000011010
111001111011100
011101101100001
000111010000010
100110110101010
001000111011001
111001101010110
110000001011010
111100010101101
001011001000100
100010000100110
110100110011100
000001111010100
011000100001111
000111000101000
100100000001110
100101010000110
100100010001110
110011011101000
110111010001101
001011001010101
001101010110100
101011010101101
100001010101001
010011001010110
100001011100011
011011111001111
001101111100111
000001001001110
111100011111001
010001101011000
000011011111001
011101110101110
000001011010110
000011111000001
000110110000101
010001100111100
100100010110001
111110110110010
110011111101010
101111111101111
100010101011111
010000110100010
111010101111111
000101000111011
101101110000100
111010111100001
101101000000100
110000100101110
000001010010100
001000101101100
000011000011000
100100010111010
000110011000011
011001111101001
001100001100001
111111101000010
111010010100010
101100000011101
001001001000010
101100101011001
010011100100010
110101101011101
100110111101000
111011100100101
110011100001000
100011001111010
010001110000011
010110100101011
101111110100100
011100101011000
001101101001000
010011101100111
010000101010000
100011111001110
011001110011011
111010000101100
101000101001011
110100111000010
000001001101000
000001010000010
101100111010100
001010101000111
111001110111111
111100000001111
010001001111010
111001100101010
001011110101010
111110011110110
000011101111100
001000101100100
001001011110110
101110111110000
100011001001010
000111111110101
010011011111001
110010011010111
001101011010011
011010111001001
110001011110011
010000010101000
100000110011000
011111101011010
010101101110010
011100000000110
110111010100010
110000001100110
000100001110010
011101010011001
001111111001000
100011000111001
011001000101111
010011010001100
010010011100110
010010110100100
000101010101100
010111110010000
111011011110111
011110111100010
001110000011110
101100001001011
110100100001100
001101001001100
011011010100101
101000111010101
101011101110010
010111101000101
011010101011111
011010010101000
100111010101011
111001000111000
110110101101110
001000100100110
101100101101111
110010100011001
110011111111010
001001001111111
001010010101101
001000001010110
100000100010100
010101001010010
110111010000110
100110110111010
000110110100111
101000011111110
000100110111101
000101000000001
101010010111101
111001001110111
111001101001010
011100000001011
111111101101110
101110110010000
110011110101001
000001101010010
111110010000101
101110011111000
110111101110100
011101100101000
010001101111001
010011100100001
000010000011101
100000000010110
111111111011101
101000000010111
001000001101010
000101000100011
000011100101100
101010001110010
001111000010000
101101101100010
101011010100010
100100000100110
111110110001100
101111011111001
000111001011001
001100110101101
101010100100100
000000010001001
000101010001000
100000010011110
010001010010001
001011011010101
010001110110101
110101110101100
001001100110101
001111100110110
110011001011011
011100110100000
010010111101100
000001010110111
001100001010011
010000001000100
101110100110011
101111100000100
100110110111010
001000100001111
110010000000101
001001011111110
001011110010011
001010000011101
101000000000100
001111010111100
000110011001111
010010000000001
111010100100011
111011101010010
101000011000100
110101110000101
110111110101110
001010001110110
110111011100001
111011000100100
110100001110011
111000011110010
111100001101010
011000000010010
011010000100011
000001001111101
010111100010010
001011111000100
011100100111110
100010001101110
111101001010001
110111001001111
000101011001011
010000100111110
011101000101110
111101011100101
111001101000100
001100000101010
001010010010101
001111101110101
110110100111101
010110100001000
110110101101110
111010110011110
111001011001100
110101000110001
111101010010000
110111011110010
101001111101110
110011111111101
100110011000010
110111001010001
111110010001110
011000011111000
100001101101010
100010000011101
010000001111100
110100110110011
101100110010010
011000111001111
100011001011001
100110110010110
110100101001011
011010111111101
110011000010011
110011010000011
110001110100100
110101111110000
110110100000010
111101011100101
011011110011101
101100111111101
101011101010010
011100001000010
000110110010010
010101100000100
100111011000110
101010011001010
000001101001001
111111110110001
101011010111000
000110000010100
000011001001010
101111011101011
001010010000011
010110111101001
001011111110110
101110100100101
110110110000001
111111101111101
001011100000011
100011111100111
111101000000111
101000011101010
010000000101001
010011011001101
111011101110001
011001000001110
011100110001000
000111010010010
110111111100100
100101110001111
000010100111001
101010101100010
010111110111001
110101010001111
101110000110001
000010110011111
100001010111011
011110000111100
111011010100110
101110011011111
010001011111011
100011010100100
001000011100010
110110000111000
010010101010001
001110000101111
100111101011000
000110010110111
000100111010110
001000010000111
100001000100100
101111000100110
000111011110111
100010001001001
001000000010011
111001010100110
101110100100110
001100011001111
000110100101101
100110110011010
100101111001110
001101111010011
100111110100100
110101001000100
001000110011100
101110100110100
111001100001100
110011010100001
010111111001101
110100111110110
000111110110110
010000000100011
011001011101110
101110100100111
110010100010100
000010111001100
100101001101011
000111100101010
101101110101111
100100000111000
000010111110111
011110111001010
001110010100111
100110101100000
010000111011010
110101010111111
111000000111000
010101101101101
011001110000000
001111011101100
001000010001001
101011010111001
011111101010100
010001100100101
010001011101111
100111101010011
000000101110101
100101011011111
001111100101100
111101111011101
010100000100110
001010111011001
011110010011000
100001110111100
111001011011001
001100000000110
001001001011011
100011101001001
100100110001101
011011101111011
111110110100111
001110001010001
111111111111111
001010111110110
001110000110000
001010010101110
000101010011000
110111011011011
001010100101000
111011010010101
100011111101010
011100010010100
010001111010001
001001111000101
001100101101100
010010101011010
001001100100001
010011111110101
010001011110100
011000101111001
011111110101011
111110110111011
110011000100011
100101010111011
010111001011001
110000011111111
010010011110011
011110110010101
011101001111011
111110100000010
111101011011000
100000010100010
110001000000001
100100110000001
101011110010100
111011000100000
001100000100000
001010101101000
001000111100001
110001111101111
000010001000100
101011001001001
011110101100110
111100100000001
010111011000101
100111101111010
111000000001111
110110000011010
011010001101111
110001000110000
110010001100111
111110001100100
101011111000001
110111010001010
000001000110011
111111110011100
011010000111010
001110111000001
000011001001110
100111010100001
001101100001011
110001111001110
001101101001110
100111111010001
100011001101010
110010010110010
000001000001000
110101111111100
000110011000111
111000110110000
111011100110010
101000011111000
101001001000111
011010011011000
001110100110110
101100001100001
001110101111111
001111001001011
000011000010100
011111011111011
000100110100111
000001011000100
010001111100010
000011000101001
001111001000011
010011110101011
100101011011001
001110001000010
001001100011110
010000100101001
001010011101011
011011100111110
100010010101100
110010110101001
111110100000000
011111010001110
010111110100010
110101100001001
101001110001100
111110101110010
100101000000111
110101100000110
101101000101011
010101000001110
111010101101001
001001110010000
000000010110111
001100011001001
111101111101011
101100100010110
101001100010101
101001111000000
101111110000000
101001111011000
110011010000001
000100010110111
101000111000110
111010001001100
011100010111000
001100001111000
011101010100010
010110001111110
000011110000101
011101111100111
010100111110001
111100100001000
111011010111000
000101111111111
001011011111110
010011101101011
110101001110000
100110100000001
110111101111010
111100101110001
010111110010111
111001110001110
110001000101010
101100100000000
010111011111100
101000011001100
111001100011000
100111011010001
001101101011000
010100001010001
100110111100100
001100110111110
011110110010000
011010101100101
101110011110110
110101111000110
010000011000110
110111010100000
001011010100010
010011011111110
111010011101011
010001001011100
110001101111101
010111000001000
001100000000110
010011010100101
000101100100011
001001100100101
111111101011001
011110101110110
101111110100110
000111110111011
001011111101010
010110100101100
000100111000011
000110101101111
000001000110111
011001011000101
001110101011101
101000010100111
110101011100001
001100000011111
110100010010101
001111011011011
100000011011000
010011100100101
011011100011110
010110101001010
100100001110010
101101011010010
111110010111000
000001100011110
100000000000110
011001001101001
111000111100100
110111101001110
011101001010010
010111110000111
011001111110010
011001110110101
110110000000010
101110011111010
000000111010101
001101101011011
100000100110010
011110111011111
011001100110110
011100100001110
100101101110111
000110100100110
100010101100001
100011001100111
001100110101001
010001111010011
000010011010110
001011001001101
111001001100101
101101100000101
100001010010111
001000001011111
100010001000101
110111000010100
111010011010000
001000010011000
111100010000000
010101011010110
000000010100011
011101110010011
110010101110001
110100110100011
110110100101100
111000000001010
111000110001101
100101100111101
100010100111110
111011010111011
010110110001001
000111001010111
110000101100001
100000010101010
100001111001000
110100100111110
100101101011100
100010110000000
000000100111011
110111010111100
101110100100010
011001000100101
100110000001011
011000100110010
101010011000101
000111100111101
100101111111001
101010000000010
001110001001011
111001101111111
001101100001011
101010010111100
101000111111111
011100001111101
000011001110001
111011001100111
011100110110010
000110101111000
011010001111101
101111000011001
111000011000110
110111001011111
001010111101111
110110000010110
010111001100001
111100100010001
010000010001000
011110111101111
011100011111110
110111000001000
100010100110000
000011100010011
100010010110101
000111101101111
000001100101001
001000000010000
110001001110001
101001100110000
010000100000011
111100101010100
001111101011000
101001001110001
001101010000111
011001000110101
111001010011010
111011001100101
100110010010011
110101111000010
000110001001010
101101011001010
010010111101100
011000000110111
111001000100011
001011011101001
100001011011010
100011100101010
101110101010001
100111001101001
101000100010001
111000101110100
100010101101100
001000100000010
100010111001000
110111000001110
110101110110110
000011001010001
011110000011111
111001111010001
101000010000010
