11010000000110
00100111000110
01110011000101
11111101100101
01100111000011
01011111001101
00001000110100
00100001011100
11001110000100
01100001100110
11001110111001
10010010111010
01010100111100
10011111011000
01101111001001
01001000111010
11001010001110
11000111110111
01010101000110
11101011110101
11101100000011
10110101100100
01011110011000
10011010100110
00001001111001
00010101111111
11011111000111
00000011100011
11011110101100
00100111100111
01001010110111
01010110110111
01001100111011
01010101111111
10101110111111
10001111110101
10010100010110
10111011100010
10010101110010
10100110111010
00101111010010
01011011101010
01010001111101
11010100011101
00011001011011
01001111010110
01010100010000
10000001000101
10100111111111
01001111010101
11010001111111
10110000110001
11010100010111
00100001111100
11011110101110
11001101011111
11010111100111
01010010100100
10010010101100
01100011000101
10101110101011
01011110110010
11110111110001
11010001000101
11100110101011
11011111110111
10000000101110
01000001100101
11100110000001
11100000001000
01111011011101
10001011111100
11011111000000
00001110110111
10000100010111
01010001011001
10001000000101
11111010101101
10000100010110
11101111110111
00010100001001
11011100110101
11010011011100
10110011000101
10000110011000
01110100100000
00110111110010
00001110101110
10001110111001
01001110011011
11101111111000
11000110010101
11011011010101
11011100001011
11110111101100
10011110010111
10101101110011
01111110100111
01100011101011
11100101001000
10010101101111
01001001001111
01010001010110
00110110100001
01010111010000
01101101100010
11111101000100
01100111010101
10100011111001
11111000110010
10100011000101
10001101111111
01010000010001
11101001101011
10110000110111
01111000001110
11100101100100
01001101111101
00101110101001
01110010111101
00011110111010
00100101100011
10100000000110
00111001011101
10000100110110
11101010111000
00011110111001
00011000001101
00011110110110
00111011000001
01010000101000
01111110100101
00111110000110
01010100100000
00110100011010
11110110011111
11011000010110
01001001010001
00111001000111
11001001100000
01100011000101
11000110100110
00110010001101
11100110011001
10111110011111
10011100000000
00010010110101
01000111110000
10001000100111
01010000001010
11010101001001
01111101110000
00100111001000
00100001111100
11011000111001
01010011001101
00110110010110
11111011101100
11111110000010
01100111110000
10100001110010
11111110010011
10011111000000
10001011001011
11111000000010
01011100001110
00001101100111
10001101011001
10000000100101
10100001101100
10001000010010
10000001000010
11110111101001
11111100011100
00011111010010
01110111101111
01100100010100
01101011001111
00101001000010
01001110011100
11110010001101
01000100011111
11000011001001
10001000000111
10011110111010
00010001111111
01100010011010
00110011000000
00101000010111
11001101001000
11000000010110
01001001001111
00101010001011
10100100101011
10001101110100
11100001111101
11000001010111
10101011010010
01111011110010
10010001011111
11011111111011
11011101010100
11100101001111
10100000010001
01000011101111
10100111101100
01101000011011
11111011011010
01101000101001
10000111110111
10100010110111
10010010100100
00001011010001
00101011101110
01101001110011
10000111011010
01000100000100
11101101001011
01111000111001
10100100001100
11111000111110
01001011011100
01011000010111
10101100111000
01010010110100
10100100010011
11001010110000
00001110101011
01000011011001
00101011101011
10100001011101
10010011111110
11010110101111
01100110000101
10111000101001
11011010111001
11001101100000
01001110101101
10001010010110
10101011101011
01110100100101
01110010101101
00010101100011
11110101111010
01101101000000
11000010011001
10111111100011
01001011101101
00111101001010
00111011001100
00010010010100
11111011001000
01011010101010
00101010001000
11111101001101
10111110011000
00010111000111
00111111001011
10100100000000
01101010011100
01110100100000
00010011000001
10100010010100
00010110000100
11000010101000
00011110101111
10011000000101
01110101111110
11100101001111
11101011001110
01000000110010
00010100010111
10011001010000
10101000101010
11010100001101
10001000101101
00000110111111
01011001110110
00000001101101
00110101101111
10111011111010
01011101011000
11110000011010
01011010001000
00010110100100
00010010010100
00101010111110
01001000000011
00001000010000
01100001000010
10011100010111
10001000110111
01010111110100
00000001100101
10000100010100
11101100000000
01100100001111
01010011010010
10100010010101
01000010011100
11011011010010
01000000110000
10110111000011
00100101101101
11110100010011
10101100011111
00000101101001
10000011111010
00110010010100
10001110000001
00111110011100
00101100100100
10101001010101
01100010010011
00010110110110
01111000011010
00100111100100
01010101000101
00001111101000
10011100001001
11000111000011
11010001001010
01100100101101
00101001001110
01110000010010
10101101110010
01100100100101
00011011001101
00011010100110
00110101101010
11111100011110
11011111110000
00101111011100
01101111001100
11011111011110
00110010110101
00001011011110
00111000010000
00000111010111
10100001010010
01001001000100
01000100001010
11001111011101
01101010110010
10010101000010
00111001101111
10001010000111
00010011111100
01110100010101
00010100111101
10111000101110
01010010011110
01010011000101
00011110011001
01111010100101
00011111100000
11111100101110
10101100001000
00101011011110
01100010110100
00101110101001
00101010011001
00111101101001
10111101010011
11010000110101
11011001001010
01010111011011
10101101000110
00000010011111
01110100011000
10011011001010
00100011000011
01010001101010
00010111001101
00100101101001
01011001000010
01100010110111
00010010100001
11100000100010
11101011100110
01011011000010
11100001001101
10011010000011
00111011100110
01010111101000
01000000011011
10001000111011
00000011100011
00011100010100
01100101111011
00100100110101
10100001011001
01011111000110
10111001101001
01000010010111
01011010001100
01110011011110
00100000111111
11011011101111
10101000110011
01100100100101
11001000100101
01011000100101
00110011001110
11110001010010
10011010011011
00010010111000
00010111010100
01111001001001
01001111101111
10001000101000
10011000011010
00111101011110
11010010111110
01100101000001
00001010101001
00101111100000
01110100110011
11000001001101
00010001110011
00011101101110
01111111001001
11110101100011
11111000001100
00011000001000
01100101100000
01001000101110
01100011100111
10101010000110
11111110100101
00011101011111
10001100011101
01110010100100
00010101111111
00001101111101
10111111011001
11101011001101
00101000101011
10011110011011
01001010000001
10000111000111
10101110100011
10011110111001
11001100101111
10000001110110
10111001001000
11110110111000
01010010011101
11101110111011
11100110111011
00010110111111
01000000010110
11000000000010
01111000011000
01110111110101
01011000111001
00001110001000
11100010110011
10100010100111
01010101100001
01100001010010
10010111100011
10101110110110
10001001001110
11011010001100
11111111001001
00011101001111
01100111010110
01011010000111
01000010010100
10100110000111
00110110110010
10101000011011
10000011011100
11011000101100
00010011011100
11110001010111
01010100010101
10110001111100
01010111010011
01001000100101
01001000101010
01100011010100
00011100111001
11111000000000
11110000100000
11000011011100
11111000010000
11111111000000
11111101110010
01001110001000
11000010100101
11111110000100
10001111000100
10010010010111
11101101110000
10100110100000
10001110011001
10100100101100
01100101101100
01001100100001
01101010111001
00100101110111
00011000111011
10100001010111
00100011001010
01101011000100
10010110101101
11110011010110
01011110110001
01001101101111
01101010111011
01000000100111
10110101010100
00000111100101
10000101011100
11111011011000
10100101101001
00111001101011
11011000010011
00010001011001
11111111100011
00100010001001
01110111010010
11111011011010
10100010110010
00010110101110
10011011100101
11011001010101
00000000111000
00010000001110
00010111011100
11110000001100
10010010001110
10011110110010
00001111010000
00100111100011
00011111011010
10101101110011
00010011111000
11001010110010
01011000011001
01111011011001
11110111001000
01011110011111
11100001010010
11110010010100
01000011000100
11001110110010
01001100001001
00000010001011
00011010011010
00011101010000
11000010110100
10000101010110
11000001001001
00110101101001
11110110101001
11000100001111
11011110101110
01001000000011
10100110111110
11000011110001
00001100111111
01001101011000
11100000001100
10000111000011
01110000101010
10010001001111
00111111110100
11111000010000
10010010111000
00010110010010
01011111001001
01100111101111
10001011111000
10111011000100
10101011101010
11111100100111
00011110110011
00110010000011
00000011001111
10000110100111
11001010101011
01001101011010
01011011011101
10100010011100
11111001100001
10101011011010
10011001100010
10001110111000
00001101100101
10111001100100
10101110101000
11000010101100
10000100000111
01001000101011
00000100100001
01010100000001
10001111011111
01010000110110
11110010001101
11101001111000
10101110010101
11100101010100
10011100011101
11001010110100
01001011111011
11110101100000
01000111011101
10110101100110
11000101101011
11011001010011
01100001000110
10101111100001
11010110000101
01100000110010
00000001111010
01001101100001
10101111001111
00010000111101
01111110010010
10111100100011
01001000111111
10000101001011
00100101000001
00111001001011
11011011001011
11010011010101
10110000100100
01110011000010
11101010101001
00010110110100
11000110101001
01001100011000
10011001011111
01011010101101
10010100000100
10111001100110
01110110011101
01100100010100
01001110111011
00110001000100
11010000111111
01001010010010
00000000111110
00011010100110
10000000101001
11011001110111
10101001001111
11101111010111
01101100101101
11110111011101
00101011101010
11010001001000
00111010001011
11000010010010
00011101101001
11101100101010
00111000100010
10011110010111
10000000101011
10000110110010
10001110110111
11011101001100
11001010110011
00101110010010
11111101001001
11111001010101
01010110001010
00110001110011
10001011011011
10010101011011
00101000100111
00000111110110
00000010001010
01110110101110
01011100001000
10101111000000
00110111110111
01001111111011
11011001110001
00000001100101
01110101101011
11000000111011
11000011100011
11010110101010
11001101100000
00101100110001
01000011110110
10110010011010
10100010101001
00001111110101
01000100110100
00010100000101
11000000101101
00010001010000
01001100110000
00000011011110
01100111110111
01001011000001
11101110111101
10011000000100
00001100111111
11011110010011
11010101010110
11010111111100
00111101000111
11111010010011
11000011100001
11011000000010
00100011010010
01010000100101
00100111010110
01101101100010
11100001111101
11010101100101
00101101110011
00001001101000
01010110100110
01110100110111
10101011011000
11101101010101
01011001010010
10101110010010
00000110111001
00101100000011
00100000101101
10000101001010
00101010101001
01011101010011
01010101011110
00101011101010
11101111110101
01011011010011
00100110010011
10100000111000
01001001011001
10101000000110
01110011011011
10101101101001
00010010101010
00100011001000
00011111011100
11011011110001
10011101100110
11000111100101
10110101101000
10111101101010
00000000111101
11111010111110
10011011111001
00111011000111
00001011100101
01101011011011
00001111001011
10000111010101
00001000100101
01000001000110
10111001001110
10111100101110
01101100010111
11111110000011
11010010100101
01110011011100
11101111100001
00110100111000
00011100010011
10010101000001
01110011100010
11101000111111
11100111011000
01101101011110
10111000110010
11111000110100
11011011000000
00100111110010
00011110100001
00101010001101
00001100101111
10011100100000
10101010101000
11110110011010
00000101111000
11001110001100
00001111101011
00000010000110
11100011101110
01000000101111
11010101100001
01000100101011
11001010000000
10101110111111
10010100011000
00100110111111
00001011010101
00011111001000
10110101000101
11010000100001
01011101011101
01110001010101
00001110101110
01111001111110
01000100100000
01010110101010
01110000010110
01100110010000
10001110010111
10000011111111
00110100111000
11100010100001
11001011111000
11110001010101
10110000110001
01110000100001
00110001101000
11000101011000
11001010000111
00001000111001
10000000000111
11100101010010
01111000111000
01010011100000
00001110101011
11101101011000
01000100011001
01101000100100
01011100101101
11001101000101
01111100001111
10010111101010
01010001110100
11010110000011
11100011011001
00000000010010
00000101001001
01001011000101
11101101111110
00100101000000
01100110001111
10101000000100
01111101011110
10001001010011
10101001001011
11101110001000
10011100100011
10111101001001
11101010101100
01001010000000
11110000100101
10101110111110
01010100101101
10011100010110
11000011010111
10111001101110
00001100000001
10011011011001
10001010100101
11101001111101
11110100101011
11110000011100
00001010111101
10111110100110
01001110010001
10010011100111
10010010010010
01010010011010
01111101010011
00111111000000
10111011101000
01100110010110
11010011101011
11110100001011
01000101001000
01100011110001
01100100000001
11000101110110
00101011101010
11010100000100
00110011011000
01010011001100
01001100101111
10100001110001
10011010100100
11000000110111
10111101010101
01011110011101
11110000010100
11101111110000
11000001111100
01111011101110
10000000011001
01000011010000
01010001100111
11101010000110
10111001010001
01000100011010
01100100111101
01100100010101
10000000110111
01100111000111
11011011110010
01010101011101
10111001111101
11111111101100
10100010000101
11110010011110
10110010001011
01110010101100
01100010101001
11110000111101
11001101010101
11010111000111
10010110011010
11001110011110
00010101000110
01111101100011
10100110011001
00000101110010
10011110101111
01101000101110
10010011010100
10100010001000
00000101111110
10000011100111
01000100010110
11011000001101
11100000101111
01101011001110
01110111100111
11001100001101
00010101101110
10000100000011
11110011111011
11010100011100
10111101101101
11110111101010
00111000010101
10110001101101
01101010010011
01000000000011
01000011001001
01011011001100
00110100100111
00100110101110
10011010001110
00110111111100
01011001001000
00010000000101
00111010101111
01001010011111
10001001110100
01100101010101
11011000001101
11101010101111
11011011111001
11010110011011
10100011111000
00110010111111
10011010011001
01001000010001
00000110000110
10100011000000
01101010011011
01010011010011
10011100110000
10111000000001
11011101011000
10110011110111
00110000110000
11010010010011
01101100001110
11000010111110
00000000011110
10100100001110
10101111110101
01111110010110
00010110010010
00101100001001
11001111000101
10111111000100
10001110111101
01001010100110
11001110110100
00111000101101
01110100111110
11100110101101
01011100110001
01111011111011
01111011101101
11001111011110
00101001100100
00110000011000
00011111011010
00111001110001
00110101011001
00110001000011
10000011110010
01100111011111
10001100000111
