101110100
011100110
100101011
001100100
001001010
110111011
111000101
100110011
011110100
000011110
100100100
111110010
110010011
100100110
000010001
000111101
110111111
011101101
010001010
101101001
111100101
001110000
011100100
100010000
111100101
110001001
110011001
011001011
000101111
000100100
011000001
100001110
101010001
111111100
111000110
000100100
010110100
001110111
111111001
000001100
000111010
101111001
101110011
101011111
101111010
101010100
110110101
001010111
101111100
101010000
011001000
010111001
101000100
000110111
010101010
010110110
011010100
110111010
111110111
101011001
110111111
100110000
101101011
110101000
011101101
101000110
110001010
101101100
010101010
110101111
011011110
001110010
100101010
110110001
110110101
101000111
111111010
110101010
100010110
100000001
100001011
101100100
011100000
111010011
010011000
110101100
100001111
011100101
100001010
010111100
101001000
010100100
110011101
101100100
111011011
111001011
110110010
101010000
001101010
011101001
000000111
110001011
101010101
101000111
011110110
010100101
100000110
001000101
000001001
111011110
001001111
100001001
100111111
011111010
100011101
100011000
100011111
111100010
111101011
001100101
100110000
100100110
010101000
101010100
100001011
100111110
111101111
101001111
000101101
100100110
101010010
101111010
001000110
111111011
110101010
111000110
011011011
001110101
101000110
010001111
011001101
011010110
100100100
111011101
011001000
001000010
001111100
110011111
101011101
000010111
110000001
110101110
010100111
111010000
110111110
110010101
101001111
101111010
101010011
100000010
100011011
010011101
100101001
001100010
110010111
011111001
010000010
100101000
111100101
000011110
110111111
111111011
011110010
010011101
001101111
001100111
101111010
110010000
010011111
001010100
110000111
110111101
011111111
011010110
001011001
101010111
110100111
010111110
000010010
001100100
100110001
010111001
010101010
101110011
100111110
110101011
010001010
000111100
100101100
010001100
001101110
001101111
010000111
010111000
101111110
111100100
110011001
110000001
000010010
110100011
000001010
011000110
010000011
100011010
111001100
101001001
111110001
100001001
010101011
000000101
011001111
111000010
110101101
010111000
101111101
000101011
001011010
100101000
011111001
100000010
100100001
100101001
000110001
110111110
101110101
111001101
100100111
001011001
101111001
110000000
011111011
000011100
110110100
011011110
000111110
111101001
100100011
101000000
101010101
100100011
101010010
000110110
111001101
110101101
111101010
101010111
001111100
111101010
000011011
000111111
000111001
000001100
010001111
100101111
000110010
001110001
110001001
000001011
110101100
100001110
101110000
111000000
000110110
011101100
100011100
000111111
001101100
010100101
110011011
111011011
101000110
100010100
110101100
000111101
011110010
100100010
100111001
000111010
011000100
100111101
111101100
101101101
101100011
001011111
011010000
000111111
101011000
111010100
010000010
100100001
001110101
001100110
101000000
101001001
010100111
010011101
111100001
011111010
010101010
001001111
011000101
000110000
101001010
011111110
110110000
110000101
111110110
101010001
011101101
111000010
001000100
011111100
111011100
011011110
101001110
111010101
110010000
110001001
001010011
111010110
011010000
110001101
010100001
001000001
001100110
100100011
101100101
101001011
000111110
000001000
111111100
110101101
001100000
000111101
010011001
011010000
110100111
100001110
111010100
110101000
111100110
000101101
001111011
011001110
001011101
001001010
011010011
110010010
001110000
100110000
110101000
101010001
000111000
010001000
111100101
001100101
010100110
110011010
111101010
001110111
000000001
101110010
101011110
000011001
100010011
000001110
010111101
110111001
001110110
011011011
101111011
110110011
011001010
001110101
110101000
010100010
000110011
010111110
101111000
100000000
100110000
000111000
010101000
010000010
001000010
101110110
001100001
110110011
000101001
100001001
111101110
101001001
110011110
001111101
111000111
101110001
000101100
110100001
011100010
110010100
110110010
000111101
010110110
000000110
101101000
010000111
110011110
110111011
001010110
001101101
000001111
110000001
010011001
100111001
101111100
100011110
101010011
000110110
001111101
111010110
111011110
000101010
001001010
010010101
100011111
101110001
101001110
011011101
000111111
010010000
101101100
101000000
111011110
011111110
000101001
100100010
000111011
100101011
100110000
001110000
011011111
011101001
001011001
000011000
111001101
111110110
100000010
010111101
101101111
100011001
011100111
110100110
111100000
100001111
110100100
011000110
001111100
010011110
000001100
111101101
011110000
110011000
100100111
000011010
001000101
010000001
000101110
110001010
101111100
110100101
101101110
110010011
010000100
010101101
011100111
001110000
001000111
101110000
011001100
011000111
100100011
100001111
010000010
110011011
010110101
010001101
100101001
000100001
110111111
111011001
001110110
110110110
111010100
101001111
100001101
111000011
111110011
001000001
010010000
010111010
011000011
100110011
010111110
011000001
100100001
110101000
100100001
101001100
000111100
001110010
111101010
010000101
101000001
101101110
100000011
111001010
100000000
011011001
001001001
111010111
010011000
111010011
110010101
100101010
101110000
001000101
001111110
000000100
010101000
111101100
001000110
111001110
010110011
001011101
111100110
111000011
110010111
111100110
000010001
100011000
000111101
100010100
111011101
111000100
000101010
001000111
001001101
111101011
110110111
101010101
110100010
011111101
111111100
010010010
011110010
111010010
011010111
110100111
111011011
001100101
111010110
100011101
001101110
001110000
100010011
010101011
000100101
111000110
001111010
011110000
110100011
010100010
101010001
001000001
111110010
110100011
000110111
111111011
100101010
111100100
110001101
101010001
010111010
000000011
110011011
111010010
100000101
111000001
110101001
110101000
010110001
011111111
001110001
011011001
000001000
111110111
111101101
011111100
110001101
110010101
011101110
000111110
100101101
111001001
000111101
000100010
010011011
011001110
101001111
010011111
101011100
011110111
111011101
110001011
110100101
101001011
010110000
001100111
000111101
101000001
001111011
000001101
101111110
111011011
000100101
110000100
100101110
011011011
010110101
011010110
011001100
011100111
010011011
010011100
100001011
001001111
111011100
111101000
101010000
010011100
111111111
111110010
111000011
000111011
010110100
100110001
100110000
111001111
111011001
100111101
111001101
011010011
111010011
100000101
111001110
010011000
010000101
111010001
100100101
001100000
110111010
111111010
000111101
001011000
011011000
101111100
011101100
100100101
010110010
111100011
110001101
000001011
110010001
100110011
100011010
111100110
111101010
111111001
101110010
100110000
011111100
010111000
111111000
100010010
001111111
110111000
011101000
100011000
111000101
000100110
010100101
101000101
100101011
111010010
101100101
001100010
101101110
100111101
011100100
111101110
100101001
100011010
000100011
100101101
101010111
101100001
011001011
100011011
001000110
100010011
001011111
001100100
100000000
111110011
001110011
010011011
010010001
100111100
000010100
111100110
010101101
001001100
101111000
010000111
101100010
110111101
111000000
110101001
001001100
100110000
001110111
110110100
011101001
011101101
101110110
111010111
011110000
110000110
100001111
010111100
101000100
010001110
001111111
000011101
101110000
101001000
100111011
010011001
010111101
111111001
010110111
000110001
010111110
011110010
000110000
011010111
111101101
001001111
001111100
000011001
110000111
010100001
100000010
011001001
111100011
111101001
001111100
011100001
111101100
000101110
001111011
101000010
111110001
011100101
001011110
111110110
000001110
100100000
011110000
110101100
111101011
111001100
100000111
110110100
101000010
110001011
001110010
111110111
110001100
011010100
101001010
001010101
011001001
011101111
000010110
100000110
100011111
101010000
110001101
111001100
001110001
000000001
111100010
100101110
011010001
111100100
110111111
100011010
101010000
101101010
110110000
100100100
011101110
010100001
000000111
100111001
010000010
001111000
101000100
010001010
110101111
000101001
001011111
100001000
011010010
101011111
001101000
100000100
111010110
001000010
001101111
100001001
101111000
101101010
100000101
111100101
101011111
110010000
000011100
011000110
110010100
101000010
011000101
011011111
110111111
010010001
101100000
000001000
010111010
000001001
110111100
100101010
111010100
001100000
101011000
000110001
111111011
010111010
000111011
011000101
000110100
111010000
111111111
100011001
101000100
110111110
111111101
000010010
011010111
000110011
011010001
110010100
110000111
110100001
001111011
110011110
110011001
001001010
100101100
111010000
110101111
110010001
100101001
000000011
101011011
000010010
001101111
011111010
001011101
000001000
000000111
110010100
110000011
010011010
111011000
001011111
110001011
001001101
000100101
111000100
010101111
010000111
001000001
101111000
100001110
010101110
110111100
111101100
010001101
110011111
010101100
110001001
100101001
010111010
001101001
011111110
111111000
011101100
110011110
100100101
111010011
110000000
100011010
110111011
000001111
011000101
110001110
000100011
111101101
010111111
011011001
100000011
011010000
101010001
111001100
101000111
101001000
011001100
111010111
111101011
100001100
010001010
111101111
010001100
101110011
101111101
001110000
100101110
111000101
000001011
001001000
111111000
100001010
001111000
100101000
111100011
010010100
100000101
001010001
011101000
011011010
011001110
000100000
010001010
011111010
100000010
010010000
101010001
111000110
101101111
010000101
110000100
100101101
011111100
011011001
101010011
011011101
001100000
010010110
100101011
010010011
101011011
000101011
100100110
011101010
111110110
100011100
110000000
110011100
010111100
