000010100011
101010101111
011101010100
011101111011
100100100100
110000011010
011011010100
110111011100
001011110001
100101101010
000010111110
011001001010
001101011101
010111101111
100111100001
111010010001
011011001011
100110100010
010101100110
110110110000
010100000101
100100110101
010010001001
001001011100
100000110110
101011001001
100111110010
011011111110
011110000101
101010000111
111011110011
001101100110
011111101011
110010010101
111010011101
100110000010
100011100111
000100000000
000100001001
011100111000
101111011010
110001110111
111101011101
000110111011
011101000001
011000000000
010110110110
101100000001
111100100101
010110000100
111101111000
000100100101
110001010011
100100010010
011001001110
010000101100
111011000111
101000101111
111001101111
101011101011
100100000001
110100010000
001011100011
111011011100
001110111011
110110100111
001100110101
100000110001
010011001011
000000111101
000110000010
000110011010
001000000011
101101010100
110000111010
011110001010
000111010000
111011001111
101100010101
111010000101
101010100000
001001010001
100011111100
000011001011
110000101110
110011111001
100000110011
010101001001
110000010100
111010100100
111100011100
011000010010
010111001010
010100010100
111100010100
110101100111
100011000110
011010100111
010111010010
010101000100
110101001001
001110111001
000000100001
011010010000
000100110001
010111100000
011100110110
001001010001
111101011011
011000000011
111110011000
110111100011
101111000101
110110100110
110001110100
001001110111
000010011010
101111100110
111100101101
000110001001
011100111110
101111010011
010101000010
000010111100
101111110101
011100101001
111111001011
110000010000
010111001100
111101011111
000001001100
110000000001
000100100110
110000110110
011010000010
101111010100
101111000100
000110010001
111110101000
001010100010
000100011010
111000010011
100000011011
100001110001
001101100100
111001111011
110001100000
110011010101
000010000111
011001001011
001100110011
110111011011
011101001000
010101100111
110100111101
001100000001
010100100011
100011101100
001111010001
000110011010
001001110001
111111001111
110110000010
110011111001
001000101110
111111000111
100111100010
000000101010
001100000101
110010111000
100000000010
011000110101
110111100101
110100001000
111100100001
000011101101
001000010111
110111000000
011111101111
100110011001
010000110010
111011000101
000101001000
000001111100
101000011100
110000000010
010001010110
001011111100
101000111001
010001000000
010101110100
101000001100
010100110111
111001101001
001000111110
111010101101
110110110101
011110011001
011001001110
111010101110
001110100010
100110010100
000010001000
101100100011
100101111101
111011011011
110011000110
100111110100
000111111001
100100011000
000111101000
010011010101
001110011101
111111101111
101000111101
100111110110
101010110010
010101010111
111011110101
011000101000
011100101011
011010001111
111000011010
101111001111
011000111111
000001101100
000001010011
000000001111
010001011111
011011101101
110110010110
110110000111
100001011110
010011111010
101111001000
011100010010
011000001010
110100010110
101110101010
011010110110
110010000100
101100111011
110010101000
101000110001
101000110000
001100101000
011001111101
100111011111
000111000010
001010100110
111000100000
101100010101
001100110001
000111000111
111010001111
000010101110
001000011010
110010100110
000001101000
000110110001
100000000101
111110110100
001010000101
000011010010
000111010101
001110000101
010000100001
110111011001
011101001010
111010000111
111000010010
011111110100
011001101000
001001001000
110000010001
101001101111
100100010111
101101011101
000100101011
101100101000
001100000001
111100011000
000000111110
000110100111
101011101100
111111110101
011100111001
111011101110
000011000100
100010001110
010111001111
100010100110
010010010100
100100110111
110001010100
110010000110
000001100000
100100001100
000101101111
010111111001
000111100100
111011000000
111001011110
000100110001
011101101110
001110010010
100100011100
101001010100
101010100101
001011110001
100111000011
011010010101
010000011011
010100111100
001011000100
100111011011
000101001110
011100111010
111110001011
010010010000
010101000111
110010001110
000010111101
011000011010
101110100111
001111110010
000011110000
010111010000
100111001011
111010101111
110001100100
110000001001
011110000110
100100100000
100000011100
111000111010
000000011000
011001100101
101000100010
110011100011
000011111010
100001101100
001101111110
100110010010
101000100001
101100001010
111000000011
001100101000
101001011100
111101011101
111111001100
101010010011
001101010011
110110011110
000011100001
100101000010
000001110101
100011000101
111101100101
000011011011
101110110110
111000100100
100010101110
101000110001
010111001111
100010001110
000001011110
100000111010
101100111001
001100010011
100100011100
010101011010
000001010010
111011011011
000001010011
101001101000
110001010111
100011111101
011111000010
001111011000
010101001111
010101100110
000100001101
100110011111
100001011110
100100110101
000111101111
010001100110
101111000110
111110000100
010110000010
010011010111
011111010101
011000111101
100101011101
110111100111
001111010010
010100010011
111000001101
101101011111
100011011100
101110011000
111111101111
100110100011
001111011110
100100100101
111011101000
100101111111
001000011101
010011011010
010011101100
110001101100
001011111001
010101101110
110111100110
000000110110
000010011001
111010000100
010110100111
011001001000
101101010100
101000000001
111101001011
111010000010
011111111111
001110010101
010011010001
011110000110
100001111010
001000101111
010011000000
010111101101
011110110001
001011010001
011011100110
001000111111
000000110001
010000100011
110000100101
000100000111
111000101011
101101001101
110001111111
000001000011
001111100111
111010101111
111011101100
000111010100
011111000100
110100111111
000001011011
000111001001
111101010111
000111111000
111100001111
100011110110
111110100011
010010110101
001100100011
110100101000
011110110001
010010101101
110111001101
001000111111
110111100001
001111010011
000110111010
111110101110
111111000101
111110111010
110001110011
110101111000
000110110111
010011100000
101110001100
010111111111
101000001110
001111010010
011010110110
001110110000
011101100101
010000100001
011010010111
010110111110
011011011000
011100010111
011110110010
010001001000
011111000110
010110100100
110000100011
100011011100
100101101111
100101101110
011001011101
110000100110
010010100100
010100010101
011011001101
101100010111
111101001011
110100111100
010110001011
101001100010
010111100001
011010000111
000100110001
100001101100
001010011001
001000011001
000110111110
010100110010
001110110101
001010100111
010000100010
100001011000
101101010000
001001010001
111110001100
010110100100
011111000011
110001011111
100111000000
010111111100
101010100100
100000001000
110000001011
011100111100
000010000001
101111000100
100111100001
111101000000
011001011111
100000010011
100001101000
011010011010
011010000001
000010101100
001000000011
101100110110
110000110000
100111010110
000101010010
000011011010
001100111000
110000010101
001101101011
010001111010
100111010011
101001000101
100111011011
001111100110
110000000011
011101011010
111000100110
011111110101
001100000000
100110100010
111000011001
010101011101
111001111100
101010100101
110101001011
010110100001
001101000001
110101101111
100010001000
111100111011
110010010000
011111001011
001000011101
011010110010
001001101010
101100000010
111100000011
001011010010
100101010000
011001101011
110000111101
000010110110
111110010101
101100110111
000000011101
101100011110
011110011010
111101010001
110010100010
000100100010
111010100111
000110000010
101100111001
011111110011
111111010011
100100101000
000100101111
101011000100
011000100100
111110000000
000010111111
000010110100
110100011100
101110001010
000111110111
001110011101
011010000001
001011000001
010000001110
000010011010
011001010101
000111011110
011111000111
101100010011
110110001111
110111111011
101000100010
000010101110
000001010101
100011110010
011111111010
100111110010
010010010111
000000011110
000011111010
010000001100
001100100111
000110001100
010100010010
010010010000
111111010001
001100111011
011010000000
000010011111
110010001001
100000111100
111111110011
110000110110
100010100000
110101011001
001011010101
110111101101
111110110010
010000000100
011110111110
011011111010
110000101110
000001000110
101111111011
001011110110
000110101111
101000111010
011111000000
101000100001
011100011011
000010010101
111001000111
100000011111
111011010100
110100110010
010100101101
001101001010
110011010100
100110110001
001010111111
101011111101
010000000111
011011011000
000011001111
110000010110
000011010010
001001000111
001010110011
101010000000
011101011011
101010000001
000011000010
101011110000
001111110000
001000111101
110110101100
000110000100
010111001110
011100111001
000001011100
000111011001
111000111110
110001010101
010110100000
001101111111
100011111110
010100010111
010000011111
111000111111
011110101001
011111111000
101001101100
010010011111
110000101010
100101110110
101110001110
110001000101
000110110001
000100100101
010001011000
001001110001
011001000101
000000110011
100101100101
110101110110
110111100110
001010100111
011000100110
011100101000
110100100110
110011110010
001111000100
010111101110
010000101111
001010101001
010101111010
001000101001
001110000010
100111011001
001010001111
011110011111
011110011100
100011010111
101110010011
100001010100
101000000100
000110010010
111000111100
001110101111
000011110100
101001001111
101011010101
001111010100
010010100101
101011010101
011101010111
101110100011
000101100100
111001000100
010101111110
010000011110
001111000101
010110000110
110111000101
101100111111
010110011000
101010110110
111001111101
010101110101
011001000011
110100000101
111100001101
001110101010
110100101100
010111001101
001110100110
101111000001
001111100111
110100000100
110011110001
001100000111
110110001101
110011110000
011111100010
100001001010
000110101000
101010100000
100011110111
001111000010
100010000011
010001010000
000100110011
011110110010
100101111100
100111000000
110110001100
101110011000
110110111100
000010110111
011111100100
001111101111
000000111110
100011100010
010111101100
100100111110
110110110100
011100100000
000001001101
000001101011
110001111100
110001011001
110101100101
010010011110
100111001000
010001010100
111010111001
000100010101
111100111000
100011010010
011110011000
111101110011
101000001011
010011011010
000100011001
101111101000
110100111110
110001000010
101100001101
111111110000
111011001111
111010001001
100011011000
111000011111
110001011011
001100110111
101111000110
110100111110
010100000000
001011011001
001101111101
011000001100
000100110001
000001110110
011011110011
000110100100
011110000011
100100111111
000000101011
011111110100
010100010001
100110100110
000100011000
010011001110
110010100010
101111100011
010101110001
000000001011
110011111100
110011100000
011111010001
100011111011
100110000101
100110011000
000100010010
101001110111
001000010110
110111111011
000101011100
000001111010
101101000011
111110111010
000000111110
010110011010
010000100000
011101000111
101000111000
010110110111
011011010101
100101100000
010011001111
001001100000
100100010001
001101011011
101111111110
010001101101
010001000001
000101011000
100101100001
100100011111
110111101000
001100001010
011001000100
110010000010
001111110000
110111101100
100101101101
011001100111
000000001010
011101011111
101100000001
010001011101
110011101001
111111111110
000111011010
001100001010
111111011111
000110000100
011010110110
000010001110
100100011110
011110101101
000110011111
011001100111
110110101101
000111100110
000100111100
101000001110
110011011100
010110011111
111111111110
111111101001
010001001010
010000011011
011010100110
000000110111
000110110110
100100111101
000011110100
000001001000
110000110011
100111110010
110001011001
101010111111
000000110001
110011000110
010101111101
010101101011
110001001110
111011001010
100110000111
100010010011
101101000000
110101100001
111000000111
010011000100
100111100001
000110010001
001111110100
000101010101
010011110111
001100010001
001100101110
000010001000
000101101001
001110100101
011100110010
011011000100
101101110101
001110111001
011110000110
000011001001
100010011011
100010111010
000100100110
111011110101
101011010011
011010101101
110101100110
011001111000
110010010100
101110100011
011000110111
110111001101
010010010001
100111100001
010100010000
000100110110
001100110001
010111000100
011100111111
101100000100
001111000000
011001110011
110100101101
110010100000
010101110010
111010100110
010010011010
010101000111
001111011101
011010110111
011010001001
111101010001
110101110001
000001101101
100000000000
101010000111
111100011111
100101011110
101000011000
100101011100
010001101110
101000111010
011101000100
101001110111
000011110010
000111000010
001110010001
000010010101
000110100011
011000011011
000101100111
100000111111
001011111010
101101001001
111011001011
000010000001
