010111110
000100001
111001101
011110001
000111010
000101110
100101010
000110010
110101110
101010001
001111000
010100011
010001111
110100111
110110010
110000101
110100001
100000010
011101111
111011101
101110000
110000001
000111101
001010110
101011010
000101101
110000001
001001011
110001101
110000111
001010110
111010101
110100111
111010010
001101011
010001011
101111010
001010111
101010100
100100100
101010101
001110111
100001000
001001110
100011001
001110001
111100010
110101001
010001010
100011010
010101100
010110001
101001011
001001111
101000100
000010100
010011001
000010000
100100010
000110011
010101001
100111010
101011001
110011010
101100110
110101110
011001011
100100101
000100101
000011101
100001110
111010101
101001100
010000011
010011101
000000001
101110001
110000100
101001011
101100100
100101100
110111001
000010011
101111010
011110111
111011000
011111001
001100011
110001001
000000101
110001101
100110111
110100100
011011110
001111101
111011110
100001100
001011110
010101101
101011100
001011011
011111001
001101000
000111110
000101001
000100101
101010011
101110011
010010101
010101000
110100101
110010000
001101101
001100010
110001011
100000101
011101100
001100111
001011101
000100001
011111011
010101101
000000111
111000100
111011111
001000010
100111001
000111100
011001100
100100010
010011100
111000100
001010010
000101000
100111001
111010101
001001001
101011011
010010001
010100010
101101111
000110010
000001110
110101001
010000111
101011001
001010000
100001100
001000001
011111011
000101100
011110100
011011101
011101000
101100100
101110010
000100100
111101101
110000010
010100100
100000100
000111001
100101100
011011010
011110101
100101000
011010110
111011001
100110011
011111000
100010011
110100010
111000110
001111011
011100111
001111100
000111111
110001010
010111001
011101101
010010110
001100001
000110011
101001101
100101110
001100000
100000110
111101111
111001110
001110011
100000111
110000000
100100000
010111001
101111101
111010011
000011001
010110010
110111010
101010010
001110011
010000111
111000111
000101011
110000100
010100111
010111000
011001011
101011001
010011100
011110101
101001001
010000100
100110110
101011011
110110101
100110110
011110001
110001110
011010110
000101010
100111110
001100001
110010110
001100001
101000000
000000000
000111011
010111011
000110010
010111001
110110011
001001001
100010101
010011101
111111011
110011111
100010100
000111010
000001111
100011100
001011010
000010111
011011101
101110000
100100010
001010001
110000100
001010001
111011001
011111000
010001100
000011111
101100011
010010000
111101011
000111011
001010011
010100010
111001011
000010100
000010011
100000101
010101001
000001001
100001100
001000110
100101010
101111111
110001101
011001101
011100111
000100110
000111001
001101000
000101001
101101101
100001001
010010001
000110110
001111011
101011010
100011101
011001101
000101010
110011011
110010000
110000001
001101001
000000010
110110100
111011011
100010000
110100111
110000111
011100101
011001000
011001110
100101100
111010110
010000111
011000010
111011011
110011000
010010010
001100110
101110110
100001110
110011111
101000001
001001100
111000001
001000100
101110110
011101100
101001111
110100100
100100101
010011001
100111011
100001001
101100001
100011101
001011111
111010001
010101101
110111010
000000101
100100110
011010001
001100010
001000000
010100010
101110000
100100100
110000011
111000000
000010000
100001010
001001010
101001111
110001011
111000101
100010011
011100111
000010101
101000101
001111110
011000110
110101101
010011011
110100110
110010010
001010111
010001000
010110001
110001100
111110100
101100111
001110110
000011011
110010101
101010101
000110010
001100100
011000001
011001011
000001111
100111001
011101000
000000010
110001000
111101111
111100011
000110010
001101000
000101101
110110001
100110000
110101001
001110000
110011011
000111011
100100111
011111010
110110110
110110010
111001010
001001100
100100101
011100111
110001100
010010110
111100000
111100101
111011011
110111110
101101001
011000101
100001000
111110010
001001010
001010011
100011000
110100001
011100100
000111101
110011010
000111010
110111010
011010111
000110110
100100000
110010100
100011001
011011011
010110011
101000110
111011111
110001001
100011000
101011100
011101111
100000100
111011011
101111111
010101010
100101100
001011011
111000000
111000101
101101010
110110010
110111111
110000110
111100100
000111011
111101010
010110010
011000111
001100000
111011000
001110100
110000010
100010000
000011011
101101110
101110111
010100111
101001001
000100000
010000010
011101100
101110110
101010010
001111001
010101001
110110000
100111101
010000011
010101000
001110101
000000001
110001100
001101010
100010110
011001011
010101001
111111111
110100001
110011100
001011010
000011000
100000011
001110110
010110111
111110111
000010010
111101011
011011001
101000101
110011001
000001101
111110010
110010000
110001111
011101010
110010100
111011010
110000001
011010001
101100010
001000101
101101000
101010101
101101111
001101100
000110111
010000000
110011111
000011111
010001111
000011110
000101111
111011000
011011001
110110001
100000010
010101100
111001000
101101001
110010100
001011010
010010010
110000110
110010100
101000000
111111110
010001100
000011001
000110111
000000101
001100110
010010010
110110101
010010110
110010001
010000101
110001011
100010000
001110111
011111111
000100110
110110000
001010111
001011100
000101011
011111110
101111101
111010100
010110101
101000110
000000010
000101111
111101100
100100111
011010100
101001111
001011001
010011100
100011100
000000000
100110010
101000110
110011111
101000111
111011101
101001101
001100110
110000011
110111011
110001011
100001101
001000110
011010011
101011010
111010110
101111100
011000011
100000110
111100000
111100100
100000101
010010010
011100011
010101110
111100000
001001101
100111000
010000111
001110010
011101110
000100010
000000101
110101001
100110011
110110110
100100011
011010100
101010101
010011000
010011110
100110011
010010011
010010101
111000010
001000011
010111101
101010001
010010110
010101111
001111110
101010011
000001111
100001101
110010001
010000010
010111011
001110111
001111011
111010010
111110010
100101000
110001010
111100001
110100000
001110111
101010111
000010011
101010010
011111011
111000100
001100100
011010100
111101111
110011000
001110111
111001010
100011011
101010111
111111100
011010100
000111011
111110000
000001011
010011110
011000101
011101101
001000000
001001001
000111001
100101000
111111000
100010101
000110001
001101100
001010011
111111010
101110110
011100101
000101100
011111100
110101010
010111110
101000001
101111100
111101000
000110110
111010000
001011011
000100110
110001100
100101011
011100011
101111100
000010010
110101010
000101110
011110110
001011110
100110001
000001100
100011000
111011000
100100110
100000000
011000000
001100111
001000011
110011011
111010100
010110010
000001111
111001100
010000011
010101010
001011111
011011110
011000001
000001000
100100100
100010100
011100110
101011000
010010100
010001000
010000101
101110110
100101010
000000111
101111010
000011000
111111101
111111000
010110001
001011010
000101100
100111010
001011111
101010100
000100001
101000100
000010000
101010011
110001010
000001010
111110000
101000101
100110101
000000010
110100100
100101101
010100010
011100000
110010100
101011111
001100110
111101001
101100011
111111000
001111000
101100100
111110000
001000101
011001100
111110110
010000001
011111000
110110001
000011000
011110001
111100000
011100100
001001100
111010000
110110100
001010010
000110010
000101000
100101110
011101010
101001101
000000001
011001000
111111101
100001000
010001111
011010111
001101111
110110110
011000011
101100001
110011101
000111011
111010101
010111110
011101000
111001001
100100111
100111001
101101111
001100010
010111110
111001011
001000110
001110100
010010100
100100000
101111001
000010100
000000010
001001111
010011000
101011000
011010001
101010001
000000011
101100000
101110101
100101100
111110001
101011101
000100011
100011000
011100010
111111000
000000000
001100100
011110001
011111010
000111010
000100010
111111110
000111000
101001011
010000111
111010110
001111101
000110010
011111110
110100110
001101000
011111001
110101011
111110111
001011011
010101011
101000110
011011100
000110110
101111001
010111000
000111111
010110011
001001000
010000011
011011111
000111011
000000001
011110010
100101001
111001100
101100001
111001000
101000111
110000101
111110110
010110000
010010000
011110000
101000001
000111100
010101001
010111100
011101110
000000010
111001110
100000100
110001101
100101000
101101110
111000011
110010110
110010111
110101101
100000010
000100111
010100111
110011011
000011000
110111001
011100100
101101100
001001001
110001011
111110110
110110011
000111110
101110100
101111001
111100000
001001010
000101111
111110000
011110111
010100010
000000100
001111010
010111011
001001011
111111001
001010110
011010010
101100010
000101010
101010101
011110010
110011110
101001101
001011011
101100111
001001101
101000111
100110110
010101000
011000010
111000011
011000000
111110000
100101000
010010010
000010011
011110010
010010001
110001110
000010000
101001011
000001101
110110010
110000011
111101011
101101111
110111011
010011101
000101110
100111000
011000100
000010110
000100111
100101110
111110011
011100000
000001101
000111000
010101101
000110011
101100000
101000011
000000000
110111110
101010101
110011001
111100111
001100011
100111010
111101100
001111100
100111111
110100001
000011011
000011101
010111001
101110101
100100101
111111101
001110000
110100110
011000000
100110010
110000000
000010110
110101101
010110101
111100100
010010100
000111110
011110110
001101100
111111110
110110100
111110100
101000101
010101110
000001101
010001110
100000101
011001101
001110010
111010100
100010011
001011100
010001100
100110000
111101111
001010101
101111010
011101101
001001010
110010011
110100000
011111110
011011000
111010011
100111010
111101010
010110000
100100111
010001011
101110001
010001001
011111000
111000100
101010110
000110001
110001000
000111011
001011101
110111011
000010100
111100000
