010001
100100
101001
111111
011010
001001
010001
010101
111101
100101
101111
001010
011100
001011
110110
011001
111010
100110
111000
001000
001010
101100
100101
111111
101101
011111
011011
110111
001010
010101
111011
100101
000111
100101
000110
101110
011001
000000
110011
011001
010001
000100
010100
000101
001110
001110
010100
010100
101001
110110
010101
000000
111101
100000
101000
110000
010010
100110
001000
010011
001101
111000
111111
111100
010100
000011
101011
001111
101101
011011
000010
110110
010111
101100
000110
111101
001011
111100
101100
101110
101010
100100
110100
110010
000100
100101
010111
100011
010010
000101
100100
100111
100010
011101
110110
101010
111100
001110
011000
111110
101000
000011
101110
001000
101100
111101
111101
001101
000101
010101
100100
111101
100110
000100
010111
001101
110100
011001
101100
010010
010011
011111
001111
010010
000001
011111
011001
001101
011101
100111
000011
011011
101001
110101
110110
100000
001111
100110
100100
010111
000111
111101
010111
000110
011101
010001
001111
101100
000100
010111
000101
001001
010101
001010
101100
100100
010101
101011
000111
110101
001011
001110
001110
110110
111001
111100
101111
101010
110111
111000
010101
001101
101010
000110
100001
100011
100000
001101
110011
100000
110011
011011
110110
110001
011110
100100
111100
011001
010111
011110
100000
000111
010110
001010
111100
101011
011011
101101
011111
010111
000001
111111
001111
011111
011101
001010
110001
111101
010001
111110
111111
100100
000101
111111
011011
111111
010101
001001
111110
110111
110000
100101
100101
011000
000000
110000
100110
011001
101100
001001
100110
011001
011011
011000
001011
110000
110100
100010
100010
100100
010101
100011
111101
001101
010111
110101
011111
101100
010011
111100
000011
100101
101100
101101
010011
100110
100010
101101
011010
111010
111000
001000
001110
011000
111110
110110
001101
111111
010010
011000
100000
100111
100111
000000
000111
000000
011011
011110
011111
111100
010001
100000
111001
010000
111001
011110
110011
000100
100011
000000
010100
100100
101101
101101
011010
110101
100010
001010
001011
101011
100001
001110
000000
001111
001000
100111
101011
010111
000101
010101
010000
100001
100010
011100
100101
110101
011100
011110
110010
010010
110001
111010
001000
001101
110101
001110
010010
000000
000001
001000
110011
110101
110101
000110
011101
011000
011011
011010
111000
011101
000001
011011
100000
010101
000010
101111
101000
100111
001011
000010
101110
000100
100011
100011
101000
110010
110001
010110
010001
010110
100000
000111
100010
110001
001100
011000
111011
110010
010001
000011
110110
101110
010100
110010
001000
101111
100100
110101
110100
010010
000001
011010
101011
100000
001111
111011
011000
100111
110111
101000
111010
010000
011101
100011
111001
111110
111010
111110
111010
011100
011000
001111
000110
101110
010011
000011
111111
010011
011000
101011
101111
000111
000100
010001
100101
000000
100000
010011
110011
101101
101011
100110
001010
010110
011100
100110
110010
100000
001001
011000
110110
001010
111100
010100
010000
011010
010010
110101
100101
100101
110100
011101
110110
011010
011101
100000
111111
001000
101101
010100
110100
000110
101000
110110
000000
100001
110001
011001
001101
111010
001101
000101
010000
001100
011110
000001
101011
010111
000011
010111
100010
000111
100111
001111
101110
101011
111001
110110
000101
001000
000110
001011
100100
110001
101111
000111
111110
101010
011011
101101
010000
011000
100110
101001
010010
101110
111100
000111
011011
000000
011100
000100
101010
010101
000000
111001
110110
101011
000101
011010
010010
101011
011010
011011
001111
010110
000001
011001
010111
010111
010110
100011
101110
100010
011011
110111
010111
110011
101011
111101
101010
101110
111111
101010
100111
010011
101011
100100
010001
010011
010011
011110
001000
101000
001101
010100
001111
001011
010110
011001
011010
001000
010001
000000
100101
101111
010001
011101
100010
000101
010010
111011
111110
010000
001111
101000
101011
001110
010111
100100
110011
110111
110101
001000
110011
111110
000100
000011
111101
001010
110001
101110
100011
010000
101100
011011
111011
000111
001001
101111
101001
100011
110001
101101
111111
001101
010110
001101
001001
011011
010100
011010
000110
000000
100101
110011
010100
100010
000000
110101
001001
101011
100010
001000
000000
111000
111110
000110
101100
011110
111010
110110
001011
101100
100100
010011
010010
111001
110011
101110
001111
101011
101101
001111
001010
001101
011100
010010
010010
000011
101011
001000
010110
010010
001110
110011
000101
000000
100110
001000
000111
111101
100000
100011
111110
010100
000001
111100
010110
110110
100001
001111
011011
010011
010101
111110
110101
110000
001000
100010
110101
011110
111000
110011
000101
000111
011111
101000
100100
101011
111111
111111
010111
110101
101001
010111
001111
011101
100010
100011
111011
001010
111111
011000
000001
010100
110110
011100
111111
011110
010010
000010
010110
011010
111110
111001
110000
011001
010101
110011
111110
001111
001110
101001
001001
010011
000100
100000
001111
100110
011011
111001
010110
100001
010111
000110
011101
111111
100000
000110
100001
011100
010011
011011
110111
001000
010011
000111
000101
111100
101100
110100
101110
101100
100111
010001
101001
111100
111010
111000
001001
111101
001111
011100
111001
001010
111001
100000
000101
011111
111100
011010
010011
001000
010001
101010
100111
010010
010010
010001
100001
010011
010011
110001
100111
100101
010011
101010
011001
011011
010101
101100
110101
011010
110010
110111
101001
000011
001010
100100
111000
110001
101110
001111
001001
000010
110010
100000
011110
101101
011000
100110
011100
000001
101000
001001
000101
011110
101001
011010
000111
100000
110000
001011
000010
011100
011000
001010
010011
000001
110010
100110
100100
100001
101010
110101
110101
100000
011110
110011
101011
000111
110111
010100
101011
001100
100011
010010
100001
011100
011110
000011
110110
000111
101110
000000
010001
110000
100010
001011
011101
010011
100110
000011
101110
101010
010101
011011
001010
110100
011110
110110
010111
000010
100100
000100
100100
011110
000101
000001
011110
100110
001101
101011
010000
101110
000001
001011
100011
001110
100111
001100
001011
000100
101010
001101
001101
011100
111110
101011
100111
011010
001001
111001
000000
010010
100100
110001
001001
011100
100001
011010
000101
110010
101101
111011
001000
000000
001110
001011
110011
111010
011110
110011
110010
010010
101000
011011
010101
101011
011010
011111
101000
111101
010001
011001
010001
110010
011101
101110
101011
000000
010000
000101
010110
000111
011000
001110
010011
100101
111101
110110
111101
101001
100001
001000
101101
111111
110100
111110
101100
001101
111111
010111
000001
010000
001001
011100
101011
010111
110000
101101
011011
010011
111011
101101
110100
110001
011110
001100
010000
010011
100111
000001
111010
100000
101101
011010
110011
000101
101100
011100
110010
101010
111000
101001
001010
011110
001111
010001
110011
011100
110001
011100
110100
100110
011100
001100
110001
000110
