0
110100010000001
010100010000010
101011101111101
011111111111100
011011101111011
101111111111010
000100010000111
000100010001000
111011101110111
010000000001010
101111111110101
100000000001100
010100010001101
101011101110010
000000000001111
111111111110000
0
011110000110011
100100111110101
010010110010110
111001101011001
001101101111101
100011010101111
000011011111001
101111001000111
100010110010000
111110000111111
001101000111111
001001110011100
010111110101111
100101101111000
111101111100010
101111100111001
0
001001101100011
011110000111100
010100001000001
011110011110000
111011001011100
000010010110111
100001010111101
011110000110011
101011001011001
001111010000111
010101000111100
000101111011110
110101010101001
111100000010001
111011100010001
000000001010101
0
000101101111011
001011011000011
111111001111110
101111010001011
001111000100010
000100100000110
000000001011010
000111101101001
011111011100100
100101011111001
011000001100101
011111010001101
010110000001001
100110111101000
100110010101010
101011010101001
0
100111001001110
011011001100011
100010100001001
101100100001100
110000001011100
010000111010001
000010001000111
101000001010000
101111111000110
011110010101010
000011101001011
010100000010100
000101010011100
101111110011100
010101111011011
110001101100011
0
110110010011100
100010111000101
101001111110110
011101110001000
010111010111000
101110110110100
010111100111001
111000111011011
101011110001101
111011000111010
100110011110000
001110111011110
000011011000101
001101100010100
101010111001100
001100011010100
0
110101011110011
111110100011011
110100100001111
010110011110110
111001111001111
000111101101001
010000111011110
011000110111110
001100101100110
010011101110010
101001001000100
111001110101001
010100100110000
100000001100101
010010010000001
000001111000000
0
101110000001001
000011101000100
111000010101010
001101111101011
001001101100011
111100010001000
001110100100001
000100001000100
100101010100011
101111111000110
000001010110001
011010101010011
000001001000001
100010000011110
010101011000011
011100001000111
0
110110011110101
101110001010011
010000011111010
001111000100010
001100011011011
001111110101100
111111110100101
000111001001101
111111100111100
010111111111010
001000111100001
100100000101110
101101111010100
101111101101100
001010101010110
111011000110101
0
011100001001000
000001110101001
101011010101001
000111001001101
010110011110110
010000011110101
100010011100001
110101110111110
110110101110100
110001110010011
110001110010011
000001000101000
110011000110011
101000111010001
111111000010111
000111100000000
0
000110000111111
011011010010011
010010110101010
010001000101101
001010011011000
111101100100001
101111111110101
011000000111111
000011011110110
111001101101010
111001101011001
010100111000000
110000101001011
110001011100010
010001110101100
010001001001011
0
010011101000001
100000000000011
001001101100011
010000000000101
101110101111000
011101110001000
110001001000111
100110111011011
110000000001001
001000010101100
110000110001000
100111101100101
110000101111000
001010110011010
000000001100110
100100000010010
0
110000011110110
001011101001101
001111100110101
000101100010010
001111010000111
110010000010100
110111100111010
101111001000111
101001010110100
111001101100101
010111110100000
111110011000000
001011101000010
100010110010000
101001011101110
010100110010101
0
110110100010010
110010010001101
101011100010100
100100011101101
000110111100100
000011001101111
111001111111100
010011101110010
011000100100111
011000100100111
011010001000100
001110101111011
000110000001100
010100000101000
001001110101111
111011011110110
0
111000100100100
111110110111110
000111001110001
111110101000001
110101010101001
100011110000100
110010000010100
011011100010010
100101111101110
010111000010010
011010010111011
101011100101000
100111110011010
010111101010000
010000001101100
011100000011101
0
101110001011100
010110000000110
010101010011001
001101100100111
000110111010111
101011010010101
101111100000101
001001111111010
001001010111000
010010001110001
010100110010101
101110010101100
111101110110111
111000001010101
110101111011000
111111110010110
0
110010100000011
001000001011100
110110110000100
010100111110011
111011000110101
001011111100111
010010001001101
110111010001000
100111001001110
000101000001010
010011110000010
010101110110010
111011110111011
101000001010000
100110001100110
111100100001001
0
100000010011010
011001001111110
000100100110101
000100000101101
011101100011110
101100011100100
010100101101010
000110011111100
100100100000101
100010101101111
100111000011011
011001101010101
011010101010011
100001011011011
100110010100101
001010011010111
0
011110000000000
100010001110111
110111110100011
011100001111011
011010011011101
011011010011100
111101111011110
110100111000011
001010110101001
101111000010010
000101101001000
010001001111000
101111000100001
101111101010000
001100110101010
010101000111100
0
100011011000110
000110101000001
100100100000101
100011011110101
011101000001001
100000010100110
111011000110101
010011001101010
111101110110111
100010001110111
010100101100101
001001000011101
000001010000010
100001000010111
110000101110111
111010000011101
0
100110100010111
111111001001101
100011101110100
100010100110101
100011110110111
001101010011010
011011001011111
111100100001001
011101100011110
111001010111110
101111101101100
101011001101010
110011000001111
111011010010000
101111111000110
100110111101000
0
000101011001001
010010001000010
001010110100110
001010100111111
111001110011010
010000111101101
001010001000001
100010101101111
011011011001001
111000001011010
111111000101011
100000000110000
100110011110000
000110010100110
101100001000001
100110000000000
0
011001101011010
110111011100001
001110101001000
000100101100000
111110000110000
111001100110000
100111101010110
110010101101010
001100000011000
010110101000100
101001101010011
011111011011000
110100111001100
111101101000111
111101111010001
000100010111011
0
110101100010100
100011000001010
011111101011001
001110111011110
011011110110111
100100101011111
111011110001000
011101011001010
001010011101011
000011011110110
100100110101111
010010011101000
010111011101101
111011000000110
111011111101110
011000001010110
0
101011110000010
011011111011110
110111000011110
100100111001001
110011111010100
001110100101110
110000101111000
100111111111100
001110011000110
000001010001101
000100000011110
000010010000100
000000101110001
001101110110001
110101110111110
101010000010111
0
001010001001110
011010110011111
010011000110000
101111110011100
110010011010111
010000101111011
010101010100101
000110000110000
110111110101100
100011010011100
011011101001000
010100000101000
100111010111110
000000111010100
111100011101110
010111010000100
0
110110110110111
010010000011000
001100101011010
011001101100110
000001100110000
010011001010110
001001110101111
011100101010000
000011001100000
110011000110011
110001011101101
001111010110100
000101001010000
101111100110110
001001000100001
001001100111001
0
111000110111101
000110110001101
111000110111101
101001111110110
011101100101101
001001111000110
110101100100111
011011010101111
111101110000100
000000000001111
110001001111011
111010101100011
100101001101111
001001110101111
001011110000001
111101100010010
0
110101010100110
110010110100110
010011011000000
111000011110000
010101110001110
011110011000011
100100001001000
010010001111110
011101101001011
010111000010010
010100001000001
010101000111100
100110111101000
001010111110011
111100111000101
111010010000100
0
100011001010000
011001010000001
111000011000011
101000111101101
101000011001001
001100111111111
100110101110001
011001110011001
101001000101101
011000111011000
110110100100001
010100010110001
010111000101110
101001000101101
010101111010100
010110111101110
0
100100100110110
101110010011111
010110101111000
110101010011010
011011010011100
010111110010011
111000101110001
010101000001111
001110001100011
001111111001010
010011110110001
111011100011110
100000100010100
111011011110110
101100110011010
010001001001011
0
110010010110001
100001100111100
011100100111001
011011110000100
100110101001101
111100010110100
011011101110100
010101111100111
011001011010100
100100111000110
010010010000001
111100101010011
110010011010111
101111011100010
111010110011100
000010000011101
0
100001010000001
000101010011100
000110001011001
000010101100011
001000101000100
000011011110110
010011110110001
100011110001011
101101100100100
101111000011101
011111101011001
001011110110010
011001100111100
000010010000100
000000010011001
001100110011001
0
000100000100010
001110100010010
000000001010101
000001100000011
101101000110011
100011101001000
101110000001001
001100000010111
101100011010111
111101110001011
010101101001101
010011110111110
010110101000100
010010110101010
000101111011110
001111010000111
0
101101101111110
101001110100011
011010101010011
111001110010101
001111110100011
100101001011100
111110101001110
110010100111111
110111001111000
000000110111101
010101001101001
111011001100000
011010001000100
001001110100000
111011111100001
010010010001110
0
101100110011010
110011001011010
101001111110110
101110111010010
001111011101110
010111110011100
010110100100010
110100110010110
000110010101001
100000110001101
100110001010101
101111001000111
110110001101100
010011110110001
110001010110111
101001100000110
0
101110110110100
010111111001001
010101011111111
100111011100100
100001110011001
001111100000110
010000100011101
111011110001000
010000000110110
011111100001100
111111001110001
011011111011110
111001101010110
001110101000111
111100011100001
000001110101001
0
001111000010001
110100110010110
000000110111101
100100111000110
010000100011101
101010011101000
110001111110101
001011100101011
100011101111011
100000000000011
100000110111110
010101100010111
101101111101000
010001000010001
110011101111110
011001100111100
0
110010111000000
001110000110110
111100000010001
001011100011000
001010111000000
000100001000100
010110010011111
001100110011001
111111010001110
101111000100001
010001010000111
100111101010110
010100001001110
111111010110010
010111100110110
110111000101101
0
111101100100001
100101101111000
000101110111000
101001010110100
110000111101110
011111110011010
100001111000011
001010110100110
001010111111100
011000001100101
001100010000001
000100110011111
110101000001100
101100111111100
101100000011011
100000110110001
0
101000000111001
011000001101010
101000001101100
100110100100100
110010111110011
001010100001100
001001100000101
000101101111011
101110100010001
101000101001000
101001100000110
101100010110001
110010110101001
011001010111101
101011010101001
000010111000110
0
000001110011010
010100100110000
010001011101110
111111001111110
001001111110101
011001101101001
111100010111011
000111001000010
010010110100101
100110000111100
100010101100000
100110000111100
000110111010111
000001110100110
111010010111000
100001111111111
0
110011010010110
110010110101001
010001001110111
110111001111000
100001101100110
110111000101101
100101111010010
101000101000111
100001001001101
101100000100111
100100111001001
110001111110101
100001010000001
010110110110100
111110111010111
110000101001011
0
000010011100010
100111110010101
001000000000110
010010110101010
100001100110011
000010001001000
010100011011000
101100010111110
000010100001010
100011110000100
101000110000100
110111001001011
011111001111101
001000001010011
001001101011111
111010000100001
0
110011100010111
011101011110110
010100101101010
000010001000111
000101000001010
010100001001110
010010010111101
001011011110000
110100101010101
010010100000000
111111100001111
001110100101110
100100101010000
000001101100101
110001101100011
000101001011111
0
001010111000000
001010011011000
110111110101100
101010011010100
101000100010010
000011111101110
001011111010100
011000011111100
111111011101000
110010111111100
111101000001010
001001011101101
100100100111001
101010000010111
100010101100000
101001110100011
0
100111001000001
110111000100010
000100001111000
011001110011001
010110010011111
110100001000010
101111100111001
100001011100111
001001001001000
100110011000011
111111100111100
010001001000100
010011101111101
001010010001101
010011100101000
000000001100110
0
100010010111011
100010011010010
010101011001100
001001111000110
101000101110100
011101100011110
001111001111000
001101110110001
110100001111110
111011110111011
101000011110101
001010001110010
000010010110111
100010000101101
110110110111000
110110010100000
0
110111110100011
000110100101000
110000000110101
010001110100011
111001100110000
110101110111110
000010110010011
100001100111100
000100111111001
000011101110111
100100010001011
011111010000010
111100010000111
011001110011001
011010000101101
111011001010011
0
111011101110111
000011100011110
001011011110000
101000110111000
111101010100000
110011011111111
101110110110100
100101101001011
100011011000110
001110110000100
110001101011111
000111001110001
100111001111101
111011011001010
011001011010100
010000001100011
0
111101100010010
001101111100100
011011011000110
100100001001000
111001111001111
001001000100001
010001111111001
101000000110110
110001110010011
111100010110100
010101100011000
111010101010000
011110001010101
000000110110010
111110011000000
000001010110001
0
001111101011100
101101100101011
100110010101010
110000100101101
111010011100010
110010001001110
100001111110000
110110000110110
000100011101110
010111000100001
111001100110000
000000101110001
010010111110000
000010000011101
110010011100100
001110001010000
0
000001000100111
111110011110011
111100101101111
011101001100000
011011011110101
000011010010000
001011101001101
010001000010001
110000101000100
101100100000011
011001101011010
100101111101110
010010101011010
010000101111011
111100111111001
111010110101111
0
101000100100001
011101101001011
111011101001011
001110100100001
010100010110001
001000110111011
111101000000101
010001111000101
111111110101010
111001000010100
010000001011111
000011011111001
100011010100000
100000100100111
000001001111101
100100110101111
0
110000100010001
010101100100100
011100011101101
110010100000011
001001001111011
011010000101101
001110011110101
011010001111000
110010001111101
001101011111100
000110001100101
011101010100011
011110111100111
110010011101011
001000001011100
111000110110010
0
010000101000111
110101000001100
111110001010110
100011001101100
011011110000100
111100101100000
101011000001100
001111110100011
111100110101100
111000010010110
010100100001100
011010100000110
110000001011100
111000011001100
001100001111110
010010011101000
0
111000110110010
100111111110011
110110011001001
110001010000100
101101110111101
110010010110001
110001001111011
010100001111101
010100110010101
010000000111001
011010010001000
011110001011010
101101000111100
110000100010001
001011011001100
010011110001101
0
100011010100000
100110001010101
101010011100111
111110011000000
010010111000011
100101000111010
001100001111110
100101100101101
010001110010000
000011111101110
010001001000100
001010101100101
001000110111011
100100100110110
100111100110000
101000101000111
0
100100010110111
010001001001011
011000110000010
101001101011100
111101101110100
111001100110000
111101111101101
111100000011110
011011000110110
101001010111011
010011000001100
110001011101101
111011000001001
011010011010010
101101011110000
001000100101101
0
101000011111010
111001100000011
110111101010011
111100101011100
011010000011110
001111011010010
011101100100010
010011011111100
001101011111100
100110001010101
000011011110110
011111101101010
101010011010100
010000000110110
111010000100001
001000100011110
0
000111101010101
000000111011011
100100100000101
000001110101001
111011000110101
010010100000000
101000110111000
101011001100101
001000010011111
001001010000100
110110011111010
101011000001100
110000000111010
110000110111011
000100010110100
100000110111110
0
000100110100011
000101011000110
111010010001011
110110000000101
000001110010101
100110110110010
111000111011011
101000110110111
111101111011110
001010011011000
110000000000110
001110100011101
110001011101101
101010101101001
000010111110101
111100111111001
0
000111101100110
111101000001010
100111010111110
100001001111110
000010100001010
000110011001111
010100001111101
010010011010100
110011001100110
000011110111011
111111111001100
101001111110110
000101001100011
100111101010110
101101000000000
101011011111100
0
011010100111010
101001010000111
000001011011000
000100001001011
111010000100001
100000111011000
011111000011011
111000100011000
111111110010110
000100000011110
101111001110100
010001100110101
001110011001001
110110010101111
111000010011001
000101110000100
0
111010010111000
000111011010100
100101010011111
101100000101000
111101010011100
011010100000110
000110011111100
010111100000101
010101001010101
110001001110100
000000111010100
001011000001111
100101101111000
000000111011011
100101000000110
100011100011101
0
010000110111000
101101001100110
110011010100101
100111010110001
111010010111000
010101100101011
110111010111011
100111011100100
101011100011011
111101001010000
111000111100111
000111000010111
101111011101101
001000110110100
100011101000111
001101000000011
0
011101010011111
110000110001000
111011100010001
011001000100100
101001000010001
000000110111101
001100100001111
100000110111110
111110101000001
000101100010010
000011011110110
101110101110111
101100001000001
111001111001111
100100110011100
111010000100001
0
111111001000010
011111111110011
100000000000011
110111011011101
011100100110110
110011100101011
110110110000100
011100001110100
110111101101111
111101100100001
100100111001001
101001001110111
001100000011000
000000011111111
010010111110000
110000000110101
0
000100001111000
000010000010010
000111010000001
010110010101100
001011001010101
100111111110011
010101000001111
100110111011011
011011001100011
110110100011101
010000001101100
000100100000110
001111000101101
101001101011100
011111001111101
010100100111111
0
111000010100101
101101111100111
011110010101010
000010011100010
110111101011100
001000111011101
011000011001111
000110111011000
101000100100001
101101000000000
000000100100100
111011101111000
100010100000110
000000101111110
001011100010111
011011101000111
0
101010011010100
000111111001100
101001100110101
001011111101000
100011010101111
110100100111100
001110100101110
110111110100011
011001011010100
000011000000110
011000101111101
110010010110001
001000001010011
111010001000111
011000001011001
110111111110110
0
001101101001110
010000110111000
110110001010000
011001000100100
000110111011000
001101111101011
010101000110011
000100100001001
001010101011001
010010101100110
111111111110000
010010010000001
010010111110000
011011010010011
101100001000001
000000001100110
0
101111100000101
110101010101001
011101011001010
111100010111011
110110100010010
110001110101111
001101000111111
111110001101010
100110111011011
111010000010010
011011000000101
000011101111000
111110010100110
010010110101010
110111111110110
111010100110110
0
011100111111010
111110111011000
100110010101010
110011101001101
101011111100100
101101010010110
000001101101010
000001001111101
110111001110111
001111011011101
110001110101111
010010001001101
001000001010011
011010111000101
010000111010001
000001011010111
0
111111010111101
001111010001000
110010010110001
000101011111010
100101001010011
111101101001000
111111101100110
111101110000100
001110111011110
011111101100101
111110001101010
110100101100110
010111110100000
001010101011001
111001000101000
000001101011001
0
011000111010111
011110100010111
111011111101110
001000011111001
111100111111001
100111001001110
011111100110000
010110001010011
101011100101000
101110010101100
000111111110000
011000100100111
100110101001101
010101111100111
010000001011111
000100100110101
0
011011111101101
010111001111011
001000010011111
100010001110111
100100011010001
101110000001001
000000110110010
110101100100111
100010110100011
101110010010000
001010101010110
100001010000001
010100010110001
101101100101011
000110110111110
010010100000000
0
011100011010001
100011010011100
111111011100111
101110111101110
110100000010111
110001011011110
110110010101111
110001100111001
110000101001011
101101111101000
000000011001100
110001111110101
110000101111000
100001101101001
111011100101101
010111011011110
0
011101010100011
000101000110110
011110001011010
010100101010110
110101000110000
000111001110001
110010110101001
101100100000011
100010100111010
101100101011001
111000011110000
110000010010000
011101111100001
000011010100011
000010100110110
010001000100010
0
110100111110000
011011011111010
110001000011101
001001100111001
001101100100111
010001101011100
011111110101001
111101111101101
101111010001011
000111001001101
000111100000000
110010110100110
111000000110011
010010111110000
010010100000000
101100100111111
0
111001100111111
010101001011010
000100110010000
010001001001011
100100000010010
010101101001101
011110111011011
101000110111000
010011101000001
100101001011100
100101000110101
101100100000011
101010100000000
010001111111001
001010001110010
010000011111010
0
111001001000001
010010011100111
110010100111111
110000011110110
000001001111101
010110000110101
100101110000111
011111000010100
000101011000110
110010001110010
001110010010011
000100011100001
111000010100101
000111011011011
011001011101000
001110000000101
0
000111000010111
111111001111110
001010000010100
001000001011100
011111010001101
011101011110110
011010100111010
000101001100011
010101011111111
000011110000111
110000101000100
100100111001001
001000101111000
011000110110001
011110001101001
010101011001100
0
010101000000000
001111000011110
010000000111001
011101010101100
010101011000011
000101001101100
110000100101101
101111100000101
110101011001111
010101100010111
111101010100000
000110011110011
110111101101111
000010101100011
001101111100100
111110000001100
0
110000110111011
000110010010101
100010110010000
110011001101001
101101101000010
110101111100100
000110011000000
111001101011001
000011000000110
011011011001001
010011011000000
010111000101110
101100010111110
101111111001001
111011101000100
010100111000000
0
010101110110010
110101001011001
100010010110100
110100001111110
011110110001110
001010000010100
111100110100011
001100011100111
010011110000010
100100011010001
000011101111000
000101111011110
111100111110110
011101100011110
001101101110010
010011011000000
0
001011111101000
101100001110010
011101110110100
100000101111101
110011111100111
110101111011000
100101001100000
100010011010010
011000010101001
000001010111110
110011001011010
010000010100000
110110100100001
011010100110101
111010101010000
111011010011111
0
010001110100011
010010100001111
110110001101100
101101100011000
101101010011001
010000100101110
001001001001000
100100111111010
011111111110011
111101001100011
101110011001010
100011011000110
101011111010111
011100101100011
110011100100100
110100110010110
0
010111011101101
011111101010110
100011111100010
010111001111011
110011011000011
010100101101010
010011100011011
110110111100010
010100111111100
110100010111101
100101111100001
111001110101001
100101011111001
100001101101001
101101110110010
111010100111001
0
011001110011001
101011110111110
111011110111011
010010011011011
000000000001111
010101011001100
010101100011000
100000101001110
100001000101011
110100001110001
000100111000101
011100001111011
111011010010000
101001011100001
010110010100011
000101000111001
0
110010010110001
110010111000000
100100000101110
010101010011001
001110111100010
100011010100000
010110001101111
101001010110100
111111000100100
111011011111001
001101001010110
000010101100011
011101001101111
111001110010101
111101001101100
001100010001110
0
001011001011010
000001010110001
011000111101011
100100011101101
000010000011101
000010011101101
000001010110001
110110011111010
011011010011100
110111011010010
111000110110010
001010111111100
001000000001001
000101010101111
111011101001011
110110010101111
0
111001011010111
111010100000101
111100101100000
100010100000110
100110010101010
001101011000000
010111101010000
110110010101111
000000011110000
011111100000011
111011011000101
000000100010111
001100101100110
011100001000111
010100011101011
101111101011111
0
110101001010110
000001100000011
001010101100101
001001000100001
011100001110100
111011110111011
000000001101001
100101101000100
111001110101001
100011101111011
101101000000000
010011111011000
001101110000010
101000000001010
011000100101000
100010100111010
0
001111101010011
110011011110000
110011011110000
010101010101010
000010001000111
000101111011110
101001111111001
001110110001011
000100011101110
001010000010100
010110010010000
100110101000010
110111001111000
011110001011010
001000110111011
001011000110011
0
111001101101010
111100110010000
100011011001001
011001011101000
100111111110011
001010001110010
010010101101001
111100010111011
010101110000001
000010001001000
110010111110011
011110110111101
011000010010101
100100001110100
000110111011000
101101100100100
0
111000110110010
010110011110110
000101110001011
010101010010110
011101101110111
010111100111001
110111100111010
001110100100001
010111010111000
111100111000101
000010011010001
101100010111110
010110000001001
100000011000000
100101001010011
100011111010001
0
011111110100110
110001000100001
100011100101110
001001000010010
010110000110101
011101111100001
000100100001001
001111110011111
001011010101010
011101101110111
001010100111111
111110100010100
110000101000100
100010111110110
000010100111001
111111100001111
0
010111001000111
101100011100100
111000010010110
111010010000100
000001001110010
010111111111010
101000001011111
000111010001110
001000100101101
110010110010101
001011110001110
011010110011111
111010111110101
100000000000011
001011110001110
000010100001010
0
001111010111011
101100100001100
000110110110001
010110101001011
000101100010010
110001000100001
101111110100000
001011111100111
000101111011110
101011001011001
101111111000110
110111110011111
101100001000001
010010111000011
000100010110100
110001011010001
