0
110100010000001
010100010000010
101011101111101
011111111111100
011011101111011
101111111111010
000100010000111
000100010001000
111011101110111
010000000001010
101111111110101
100000000001100
010100010001101
101011101110010
000000000001111
111111111110000
0
100001111111111
101110011000101
101100010000010
011010011010010
010011010101001
010000010011100
111011100100010
000111101010101
000101010101111
100001000011000
011000010101001
101011111100100
000100110011111
000010101010000
101010011100111
011011000001010
0
001110001100011
000111011101000
000001101100101
100011011001001
110111100001001
111000101111110
000001001001110
101000100010010
000011011111001
011111110101001
010110001101111
011111101101010
111000111010100
111101000111001
111111001110001
001110001011111
0
011101010101100
101011010100110
110110110001011
111111110011001
101100000101000
001111110101100
111100100111010
001110111101101
101011100101000
001010011010111
100110110001110
101111011010001
100010111001010
100100000011101
101110001010011
001000110000111
0
101001100110101
110101001011001
001010000010100
100110111100111
100110101000010
000001000011011
101000000000101
011001100111100
001011100011000
010101101110001
111101110001011
101000011000110
110000011111001
101101101000010
100000110111110
111011111100001
0
010011111101011
101110011110110
101100000011011
010101100100100
000101011110101
001111110011111
101010001001101
110000101000100
100000011001111
010110100010001
110010000010100
001111111000101
100001000101011
111010110011100
101101111010100
010100010001101
0
110011100100100
010111001000111
111110011110011
110011100011000
111111011101000
001100011011011
110101011000000
011011101110100
000011010100011
001000011110110
111001111000000
111110100101000
000110000001100
111001111000000
111010111001001
101000111101101
0
110011101110001
101100000010100
101010000101011
101011000110000
100001100110011
000100001001011
100011111100010
110010000100111
110110110000100
000001001001110
100110110000001
010100110011010
011001110101010
101111001110100
001011010011001
101100001110010
0
011010011011101
101101011000011
011000001010110
111111010111101
100110100101011
000000010100101
101001111001010
010101010010110
111100111111001
111100011011101
111000010100101
101010010111101
100001110010110
000100001000100
010010111111111
100101111100001
0
111111110010110
100010011100001
100110110110010
001100010110010
100011110111000
011110011110000
101111001000111
111001101101010
100010001000100
011010101010011
000111001001101
001011000111100
110110010100000
100010000101101
110111100001001
101101011000011
0
101010100001111
000000000111100
100000111100100
011000001011001
111111101010101
111010001001000
001110011000110
001111010000111
000001000011011
110111101011100
111010001111011
011011110001011
000011001101111
111010000011101
111000110000001
100110010100101
0
101011110001101
111010101010000
010001010111011
011101111100001
001000011000101
010001111001010
111001101101010
111100001001011
010100111000000
011101110110100
001100011101000
001001011100010
000001001001110
001101100100111
010001111111001
001011101110001
0
111011010010000
001101001100101
111001110101001
001001000010010
011101110001000
100001101101001
001110100010010
100001101011010
101100110101001
110110000110110
000111110101010
000100111111001
111111101100110
111111000010111
011100001000111
011001100000000
0
101011011001111
001111110100011
101101000001111
100110011001100
100111100000011
000101011000110
111101111100010
110101011000000
110111010111011
011000000110000
101010010111101
110111110101100
001100100111100
011101111010010
110100010110010
110000000001001
0
011101111101110
110000110111011
000110000001100
011001101101001
110111000101101
111101100010010
010010011100111
100110011001100
000010100111001
101111110101111
100010000100010
111100010001000
111111111110000
011101100010001
000101010100000
111001111001111
0
101010101011010
011000000110000
000100000101101
110111101101111
001010101100101
001101110000010
101110000111010
110010110101001
110111001000100
011110110001110
010000110000100
100101110001000
011110101000010
111111000011000
111111110011001
010101001011010
0
100011111011110
111111101100110
110000001010011
001110000110110
011011010011100
101111110100000
101000101000111
111001010000010
101101111100111
000111001111110
100101110110100
011011110000100
010111001000111
001000011001010
001010011010111
011011101000111
0
111001000100111
001101101001110
110010011010111
101011010010101
100101001010011
001100011100111
111000000110011
000010111111010
110101111100100
001110010100000
111011001011100
010111010111000
111000000111100
110111100111010
001000101111000
100101110110100
0
110000111011101
100010010001000
000011000110101
110100110010110
001010011101011
001001001001000
101110001100000
011011111101101
000011010010000
111111010001110
010011111011000
000111001111110
011110100011000
001000110001000
001011101000010
101001101010011
0
010011010010101
001010011010111
001011100011000
000000000110011
101111011011110
111110001010110
111100101011100
110100001111110
010000010010011
011111111111100
110111011011101
001010101101010
010011010101001
010001101100000
110100100001111
101101000110011
0
111110001011001
010110010010000
011101110111011
010000111011110
001011100011000
111001111001111
101010101011010
111000101000010
000111001111110
100000110000010
101010111000011
101101100101011
000000011000011
001000110111011
000111100001111
101011000110000
0
010001010000111
110010011101011
111011000110101
111011001100000
110111100110101
100110010101010
100100011100010
001011000111100
100100001001000
011000010101001
000001000011011
000110010100110
110100000100100
011111010110001
011110011001100
010001100000110
0
011000001101010
010011000110000
100111001110010
101000101000111
110010111111100
101001101100000
101101101000010
010111011010001
000011110001000
011001111111111
110010010110001
001110001101100
101010010110010
011011100100001
001100111001100
001001011011110
0
111110101111101
100110001100110
000110110001101
011000001011001
000001000101000
110000001010011
010010010110010
100000110000010
101000111011110
110000101000100
001110000110110
101011101001110
011000111101011
100110111011011
100011000111001
100111001000001
0
111110001010110
001101000110000
101001011010010
110101001100101
011110010100101
100110001100110
111111010110010
100000001100101
010111000101110
010000101000111
001000101111000
101110011000101
000110011001111
110100000010111
101101100100100
110000001011100
0
111101110000100
001111110011111
011000001011001
101110011000101
100011011001001
000011111101110
011111110010101
010000111101101
000000100101011
100101110111011
111010111000110
110010001111101
110010011101011
110011010011001
111110000000011
011110011110000
0
100010001110111
101000111101101
010011000001100
110001100111001
011101010011111
010010101101001
010100010001101
010100010000010
011010111110110
000110001010110
010011001010110
101011100011011
010100101010110
001001111110101
000000100010111
001100000100100
0
011000101110010
010010010001110
000011001101111
101101101110001
011101111010010
000110000001100
010110000001001
010101110111101
001110010101111
000100100111010
111101110000100
100000101111101
100001010000001
101110011000101
000000011000011
001000111010010
0
000100111110110
110101100101000
111101001101100
010010101011010
010001101010011
110110101001000
011100101101100
101101101110001
001000101111000
101110010010000
110110001011111
111001010110001
110100101101001
000011011001010
101000100011101
010001001000100
0
001110001101100
101011010100110
011001001110001
010101100100100
001001111001001
000111111000011
110100011101000
111000110001110
000000010101010
111000101001101
000101111010001
011100010111000
100010111111001
111101111101101
111000101110001
110100111110000
0
100101111010010
100000010011010
110100000101011
100100110011100
101000001100011
100010101100000
001101100010100
010100011010111
100000110110001
111000011000011
000000011111111
010110000110101
110000101001011
011010010110100
101011110110001
011001111111111
0
111010000101110
100010011101110
000010011010001
000100001001011
111111111000011
000100001001011
101011111010111
011101010100011
010110110110100
111101101001000
111110000000011
111001001001110
111011001100000
010110000110101
010101101001101
000110111011000
0
110011111011011
000000100100100
011010001111000
100011110001011
011100010001011
010101101111110
001111001000100
010110010100011
110011101000010
001010000011011
111100011011101
000111011011011
110010100000011
000010000101110
001001010111000
011010010110100
0
010101101001101
000010001001000
100000011000000
111101011110101
001010100001100
101011111101011
101001101011100
100111101101010
001110111010001
101111100001010
001001000100001
010011111100100
111101001101100
001011111010100
101111000100001
101101100100100
0
011010011100001
111100101011100
001110011001001
000010111000110
011111001001110
011101011110110
111001001110010
000110111101011
010101110111101
100000101001110
011000011111100
110010011011000
100001101101001
100001010001110
010011101111101
000110001101010
0
100111110011010
110000000111010
101000010100000
000000000111100
110010001000001
000100110100011
011111110101001
001100010110010
111101111101101
011111111001111
001001101010000
101001100110101
001110101111011
100000101000001
000110000110000
000101100010010
0
111000111101000
110100111110000
010110010011111
001100110010110
011000000110000
000001100111111
000010110011100
001001000011101
010101000001111
100010001110111
010111111111010
010011111101011
110100110011001
100011101111011
000010100001010
011111111001111
0
010111010001011
010100010000010
000100111000101
000100010000111
000001111110011
111000010010110
000010110101111
011100100111001
000111110101010
100010010001000
101000001100011
110101111100100
101111010001011
000110100011011
100110110110010
111001101010110
0
000011011000101
110011000000000
001001010000100
011010001111000
110000100010001
011111101010110
110100111110000
100110100011000
100011010101111
001010111111100
011101000001001
001001100111001
100100110011100
010100111001111
010110011111001
010001100000110
0
000000000111100
010111000101110
101101000111100
101110110110100
001001101101100
111101011111010
011110001011010
111011101000100
011001010000001
011110000000000
100100101100011
110011110001110
011101110001000
001110100011101
000000010101010
000110110111110
0
110110001010000
111000000110011
010110101000100
100101111011101
101101001010101
011010110100011
100110011001100
110100011011011
010110000000110
000111010000001
100010001000100
001110000111001
111010011010001
100100001111011
011100001000111
001100011010100
0
010010101101001
010001101101111
011111101011001
010001101010011
111100011010010
110001101100011
101010010000001
111101101111011
000111100111100
110101000001100
011001011101000
100000111100100
101101110001110
011111101100101
010100010110001
101110000110101
0
101000000111001
110110001010000
000111000011000
001111010111011
010010011101000
110111110101100
011011010011100
101010000010111
100100011011110
101100111110011
100100111110101
010111110010011
010110000111010
011000110111110
000110011111100
101000101110100
0
000111100001111
110011011110000
110011100101011
000100110010000
011100000100001
101101000110011
111100001110111
110100100000000
101000011111010
101100101100101
101110011000101
101100100110000
001001110010011
001100101101001
001010001001110
100110101000010
0
000010000010010
000111011100111
111010010001011
010111010111000
010111010001011
001011100101011
110011011001100
111001100111111
011010010110100
111101101111011
011100010110111
100101110110100
001110101000111
000110100100111
001010001110010
011101100011110
0
000111010111101
100011101000111
101011101111101
000100001001011
111100001001011
000100000101101
100101000000110
110101111010111
111011011000101
001100101100110
100100011011110
010011010010101
000101110110111
101000111010001
111011110111011
111100000101101
0
110101100010100
111110101110010
111010011101101
110110011001001
100111001000001
100010000010001
100000010011010
011001100000000
111001110101001
011111100000011
001100101011010
000011100011110
000000110001110
000001000011011
001011100011000
010111101010000
0
010001110011111
100011111010001
001010000010100
111000011111111
011000100011011
101010100111100
101011010100110
011001100000000
101101110110010
001111111001010
110011100010111
111100110100011
100010011011101
011100000100001
011000011110011
111011110000111
0
001010000100111
001110010101111
001011001101001
100011001101100
100001000011000
000010011011110
010110101001011
101111100001010
100000100010100
111111000010111
101110101000100
111101100101110
101011110110001
110100110011001
001000101111000
100100110011100
0
110010110101001
011001100000000
011101010011111
110000001101111
000011101001011
011011100011101
000001111111100
100100111111010
011101010011111
110001101100011
100001110100101
110100101100110
010011101001110
110101010101001
011100011010001
101010100111100
0
100001010111101
111110010100110
010000100011101
010101010011001
001100001110001
100100100110110
110011001101001
010010000100100
111011100101101
000010010111000
101111110011100
000000001011010
110010110101001
100001001001101
000000001100110
100000010011010
0
001001100001010
010001011100001
000000100011000
011101110111011
010110100011110
110110100011101
111100001110111
111011000000110
110101010010101
000010000010010
111100011101110
111101110001011
001110011111010
011101101110111
101101000001111
100011000001010
0
000101010101111
000110001101010
111100111111001
100010010001000
000101110111000
100001001001101
000101100011101
111011110001000
110011110001110
010110000000110
000011011111001
100011001101100
010001101011100
110110001011111
110101011111100
000110011000000
0
101000010011100
111110001010110
011110001100110
100100110101111
011011011110101
101011010010101
110110100011101
000110101111101
011000111011000
111111001110001
001100010110010
000110000111111
100110011000011
001010101010110
100111011100100
101010001001101
0
111000001010101
000110111101011
111101001011111
111001001111101
110100010110010
010111100110110
110101111010111
000001001000001
110000110110100
110101100100111
001100011011011
111010111111010
101000100101110
010001100111010
101100100111111
111101000111001
0
100000000001100
001110101110100
111100000010001
100100101010000
000110010011010
110101001011001
000011000110101
000011010011111
111101101111011
101001101100000
011000100100111
111101100101110
001001001001000
110000111011101
111100011101110
100000011001111
0
010000110111000
110110101000111
000001001111101
000100011011101
100001001000010
100110111100111
011111100111111
111010001110100
110100101100110
100111110101001
011000110111110
010100011100100
111101000111001
000101110001011
110101110000010
011100110101111
0
010110010010000
111010100110110
111111011101000
101111101101100
101010111110000
110001010000100
000010010111000
001100001110001
010000110001011
101010111111111
001011110110010
110100001000010
111001000011011
100010000100010
111010101100011
010010100001111
0
110000101000100
111101000110110
010001111110110
011110111101000
100111101010110
101110101111000
011001101100110
001101100101000
111001010111110
110000000110101
011100010110111
010010101101001
011001101100110
011100010111000
110010010110001
001000001100000
0
111001000011011
101100000100111
110110011110101
000111100000000
000000000001111
000000111101000
001010110010101
001101000000011
111110101000001
111010101101100
000001011101011
100100111111010
011111111001111
101111001000111
001100101100110
001110100101110
0
011000110000010
111011001101111
001110100100001
011110010011001
001101010101001
010100001001110
100001111110000
011010101101111
111110000110000
111111101010101
100101001101111
000110001010110
101001111111001
110111000010001
000110001011001
100100000101110
0
110000011000101
111001001110010
001111011010010
101000000111001
101001001000100
011001100110011
110000100011110
001100101011010
101101111010100
111001010001101
000010101011111
001100000100100
001111001110111
000000000000000
111111100111100
000011000111010
0
000110100010100
010110000110101
111011101000100
101111000101110
000001011100100
000010100001010
110011110000001
111100000101101
100110111010100
101100101010110
000111000101011
100100011010001
001010101100101
000111011010100
001110100101110
100101100010001
0
100110110000001
111101001100011
010111100110110
101011000111111
101110010010000
000001100110000
111110011110011
000110111010111
010011110001101
101101000000000
011110111101000
010110100101101
101011101000001
111100111111001
010101100101011
100100101100011
0
001011011110000
010101111101000
000110011111100
110110101111011
101111001111011
011010010001000
000011000000110
001101100011011
101010001110001
111100100000110
001010001110010
111101011001001
110100000011000
111111100110011
110100000011000
000101000111001
0
110010010000010
001000101111000
010000011111010
011100100110110
110101101000001
011110111100111
010100001001110
100001010001110
001010010110001
111101010011100
111011000111010
010111110100000
100011010010011
101101001011010
010011101110010
101101101110001
0
101010000010111
010010000010111
010001011011101
011011001011111
110111000010001
000001110100110
001111000100010
011100011101101
101100100110000
111010100110110
011000000110000
001010110101001
011100111001001
101000000110110
111101010100000
011000001100101
0
101011000110000
100011011000110
101111101101100
110011001011010
111100111111001
111000011001100
000011001101111
011011011000110
000010010001011
011010011101110
001000010100011
010001010001000
111000000111100
001101111101011
010011000111111
110010011011000
0
100000100011011
001011100010111
001011001101001
010101101000010
111101100101110
010000001100011
001000100011110
010010111110000
110000101000100
110101110111110
101011111011000
011101110001000
100001110101010
010010101011010
011000110111110
011001001001101
0
111111010110010
110110101110100
010101001100110
011101010010000
100101000111010
111110011111100
011000101001110
000011011001010
001000101000100
001010000011011
010011000001100
101000111101101
111000101001101
111111101100110
001100111001100
011110101111110
0
000011110000111
011111011101011
110001000011101
101111011100010
010100111001111
000000111101000
100010110011111
101110100011110
110000101111000
011011000000101
101000110000100
101000010100000
111101110110111
010110110110100
000000101111110
110110000000101
0
001001111111010
110100010001110
101011010011010
000000101110001
000101111100010
111111000010111
011101010010000
100101010100011
000001000100111
010010001000010
100011111101101
101100000010100
111000011000011
000110000001100
111110011000000
100010011010010
0
110001011011110
110111011100001
010011000001100
011011011111010
001001011100010
100011000001010
111100001001011
010000110001011
011000010010101
010001011101110
011000000001100
110011101001101
001011111011011
111010011011110
001110100100001
100011001101100
0
111001010110001
010101011110000
110011000001111
100110101111110
001000010101100
101101111101000
111111010000001
010110100101101
100101111100001
111001100111111
101101011110000
110110001010000
011110011111111
001110011111010
011110110001110
100111100110000
0
100110000111100
101011100101000
010110111100001
100001111000011
111000001100110
010001010001000
010110010101100
011010010110100
010011000001100
000001110100110
000000111101000
010010000100100
001100101010101
101000011000110
100000110111110
001101001100101
0
100100001110100
011011011111010
001110000001010
110011000000000
101010100001111
001100111001100
110101000110000
111011000000110
010010110101010
101000010011100
010100101011001
000011000000110
110101111010111
111011100101101
100000010011010
101010111000011
0
110010010001101
010010101100110
111011001101111
011010100111010
001110110000100
101110000111010
011101111100001
110001010001011
100001001111110
000011100010001
011110011001100
111110011001111
111110100010100
110110100100001
011101110110100
010000100010010
0
101111111001001
001001100001010
111011111010010
101000100010010
100001101100110
111001110011010
101100011011000
000111101011010
001100101100110
001101101001110
100101101000100
000000010101010
010101101110001
010000101111011
000100001000100
101100110101001
0
001111111001010
110010111111100
111011011000101
110111100001001
000000100010111
101000000110110
110100001110001
010011011110011
010110110110100
110000101001011
010101110001110
101111110011100
111101111010001
101011110000010
010110100011110
000111110101010
0
111000010010110
000110000110000
010010001111110
000010111111010
111110001101010
010110001011100
011011010100000
010100110100110
000101001101100
011010101100000
101001010111011
100100101101100
011001001111110
011001000010111
111010101101100
101000011111010
0
011101110110100
001001000011101
010011111011000
111101001011111
101000101000111
000110111100100
010110101111000
100101001010011
011110001100110
101010111111111
101001011101110
010110100101101
101010110011001
111101010010011
001000110111011
011010101101111
0
011000010101001
011010111000101
111001000101000
010011100010100
111100010110100
010110000000110
001110000000101
010101000000000
110101001010110
100101010101100
110000000110101
101111010000100
111110101001110
011111111000000
001011011001100
100000001011001
0
011001111000011
100110100011000
110011110001110
011111110011010
110110101001000
101110111010010
110111010001000
110001101101100
010110110111011
100111000100111
001100000101011
001010010110001
101101110001110
001000000111010
110110110000100
100110110110010
0
100001100000000
101010010110010
111011111101110
000110101111101
000111100000000
111000101000010
101101001011010
010000101001000
110010001000001
111110101111101
101110011111001
001010001001110
011110010010110
010010010111101
001000000111010
110100111001100
0
111110111011000
001000110111011
001011010011001
101110011110110
110101111010111
001111100000110
011101100010001
001011101110001
111001010000010
011111010110001
011110011001100
111110111101011
111010110101111
111111110101010
011101110000111
110111111111001
0
000011010100011
011101010101100
100100001000111
111001100001100
111100100001001
001101011111100
011000000111111
101001010000111
111101010100000
010110010101100
001101100101000
100011011110101
110111000011110
100011111101101
110011010011001
011011100100001
0
011000101110010
111111010110010
111101111101101
001100110101010
001110000001010
110000110001000
011111001001110
001110010101111
101011010101001
011000100011011
110101101110010
011110111010100
101101111101000
000000010010110
110000111101110
100011001011111
0
000101010101111
011100101011111
101010100001111
000100111111001
101011100011011
000001111001111
110111101101111
111010011010001
110101000110000
000110011110011
110101001101010
110110011110101
100000000000011
011110110110010
110000010010000
100010101101111
0
101101101001101
010000011001001
010101000001111
110011010101010
011001110010110
001011000000000
010011000000011
001111000100010
001110010100000
011000011111100
110110010100000
110101011110011
100111111111100
011100000010010
111101001011111
000011101110111
0
100100011101101
110001110101111
101111100110110
010010111000011
010000110110111
011011001101100
000010101101100
100011001101100
101011001010110
001000110111011
111010010110111
110110100101110
000010111001001
001111010001000
111000111010100
011010011010010
0
101100000010100
100110110001110
110110011110101
100111101010110
001111001000100
101100001110010
110010101010110
100000110000010
100000100011011
101110110000111
010001100001001
101001000100010
011011001101100
111100001111000
100010111111001
111000110111101
0
010010101011010
111111100110011
010111010111000
110111000011110
011010100001001
100110010101010
100010100110101
110001011101101
110011111101000
011100000101110
000010100001010
101010110100101
101111001000111
001001100000101
101111101010000
110101010010101
0
011001011101000
101000001101100
010111111111010
010101000110011
101010011101000
111011110000111
011100001001000
000101110000100
001001000011101
011111010000010
101111101011111
000111111001100
110111010000111
001011001100110
011011101110100
000101000110110
0
010111001110100
101001100111010
011000001010110
111101010011100
010011111010111
001110111101101
101110111010010
011000100011011
010101001101001
011011101110100
100101111100001
011010011101110
111110100100111
000000011111111
001000100011110
011010111000101
0
110110011110101
011000100010100
000000001100110
101111100000101
000100000101101
010001000100010
000110100011011
110100000101011
000000110110010
010111101100011
111000001100110
101011000110000
100101001011100
010001111110110
101000000000101
110011010011001
0
001110111100010
101010100110011
010111111001001
010000001101100
011011010011100
011011001100011
000011110110100
110011101110001
011011111101101
110000010100011
010110100100010
000001001110010
110111100001001
010001011100001
100101100100010
110101001010110
0
000100100110101
010010111111111
101101001010101
101001111001010
000110011000000
110000101000100
001011110110010
010110000110101
001111010111011
100000110001101
101010010111101
111001110101001
010110111100001
111100011101110
011111010111110
000000011111111
0
101100100110000
100101111100001
010011001010110
111100111001010
010111000100001
100010011100001
111001111110011
010000011110101
011110011000011
011111000010100
010010011101000
011101010100011
011011001101100
110100010001110
110000110000111
010001100111010
0
101011101000001
011110001010101
111101111011110
001110000001010
111010000011101
111001011101011
001110011000110
111100101101111
101100000100111
001111100001001
000001110010101
011001001110001
000100011101110
111111111111111
000000000001111
001011011001100
0
101111110011100
100100000100001
110001110010011
100100010001011
000000111010100
100100101010000
100000101111101
101011101001110
111101100100001
010001101101111
011001001111110
110000101000100
111000001011010
110001001000111
100011110001011
111111110011001
