0
110100010000001
010100010000010
101011101111101
011111111111100
011011101111011
101111111111010
000100010000111
000100010001000
111011101110111
010000000001010
101111111110101
100000000001100
010100010001101
101011101110010
000000000001111
111111111110000
0
101010001110001
111101000111001
101000011111010
110010100111111
001000101110111
011001011101000
110100010111101
011100011101101
100011100011101
100110010100101
001100101010101
110010110100110
001100001110001
000101110001011
010110110110100
011100011010001
0
111111101100110
001111001001011
100111011100100
000000011001100
110110101111011
001111100001001
011011111010001
000011010101100
010010110010110
110110000001010
010110001010011
100010011011101
111011101110111
111110110111110
010000011001001
011110011111111
0
000100111111001
000100110101100
000101111101101
110010100110000
010110100010001
010000000110110
110010110010101
111001010000010
001010111001111
100111010111110
110110011111010
000110001101010
011010101011100
100001110100101
001010001111101
100101000110101
0
111101010100000
010001000101101
011000110110001
110011001010101
011111110100110
101100001111101
100000110001101
101101110000001
010111011010001
100110000001111
001101101110010
111110011111100
100011100011101
011011111100010
010101110001110
100100101010000
0
111101110000100
011001010000001
101100100111111
000010000010010
110001010111000
100001111111111
000000001101001
000011001011100
010001111001010
011011001100011
010101100011000
111000010101010
001100111111111
001011110000001
111000101110001
000001100110000
0
001011110001110
100111011101011
111001110010101
001011101110001
111000000110011
011011101000111
111000111100111
011101101001011
000001101101010
100111001001110
001000011111001
001001100110110
111001100001100
001010101011001
011011001011111
110101111011000
0
010111011010001
011011100010010
000101110111000
001101011000000
111001101011001
011011001101100
111110111010111
000100001110111
101000111100010
100100000100001
000000111010100
011100100000101
111110100010100
100100001000111
110010001111101
110110010011100
0
101001111000101
111110001101010
011001110010110
111111000101011
111011001010011
110011011001100
110100110010110
101100000100111
101000100010010
000111010001110
111101011110101
111101100101110
101001110101100
100011011111010
110000011110110
001110001010000
0
000110100011011
100100100111001
110110100100001
100100000010010
110000001010011
011001111001100
010011010010101
000100010000111
011000011110011
110010110010101
010110100101101
110000110110100
011011110110111
110111011010010
111110011001111
111000000111100
0
110111110011111
000110101111101
100010001111000
100111001110010
001001011100010
000010100111001
111000100100100
001110000111001
001110101110100
000011110001000
101110111100001
111110100100111
000111001111110
001010001000001
011110111101000
000000100101011
0
110000110000111
101001101011100
011111000010100
110100100001111
110011110001110
100010011100001
011010010110100
101001100111010
001111001111000
111010101100011
010100010111110
001111111001010
010010010111101
100010000010001
010111011100010
110001100000101
0
001001101010000
011111010110001
100001100110011
110010110101001
000100110010000
100011111100010
100101000001001
111101000000101
110000010011111
110001000101110
100001000100100
100000100100111
011110111011011
101101110111101
010111111110101
000011001010011
0
101010100111100
100100101011111
001100101011010
110100110010110
001100000100100
001100001001101
011000110000010
101001110011111
110010001110010
100101010101100
101011000000011
111100001110111
000111100000000
101110101000100
110111100001001
011110000000000
0
010011000001100
010000010010011
101001110010000
010101001011010
101000111010001
110000011000101
001111001001011
110011001101001
110010111110011
100110001101001
101100011011000
001000001100000
111001010111110
100001110011001
111100010111011
110010011011000
0
001011110001110
101100000011011
101010110101010
011111011010111
000001011010111
110101011111100
110110000110110
100010101011100
000111111000011
100101100101101
010000111011110
100110011001100
100000110110001
101111010000100
011111101101010
011100010110111
0
100100000010010
111101011110101
001101100101000
111001001110010
100111110011010
010000100011101
010010000010111
100101111010010
011010001111000
100100001000111
100010010110100
011111100000011
010000011111010
000101100101110
100000000111111
011001010111101
0
001100101011010
001001000010010
010010100110011
100011101110100
011000101001110
011110011000011
111001000101000
000100100111010
000000100101011
101000011111010
010111011010001
101110010011111
111011010101100
001100111001100
110101111100100
101110110110100
0
010010100001111
011011011001001
110110111010001
010000100011101
000111111001100
001110110001011
001111111000101
111000001010101
110001011100010
001111010110100
110011010100101
011111110011010
000110110110001
110011101001101
000111110101010
111010011100010
0
001111110010000
111000010100101
000001001111101
100100000010010
001011001010101
110011010100101
110110000110110
010010001000010
101111010000100
001010011100100
001111100111010
010110011000101
010110001101111
000001100001100
010001000011110
111111111111111
0
010000111100010
001111010001000
110111110010000
001111111000101
100011101000111
100000100010100
100011111101101
110000001011100
100110001010101
111100100110101
001101111101011
010000010101111
111111111111111
011101010011111
101011100101000
110001001110100
0
010111011011110
110101100100111
000111000101011
011100110101111
111111010110010
101000001100011
011101101110111
110111110100011
111101100101110
000100000100010
111111100110011
101010011101000
011001110100101
001111001111000
111101111011110
100101010100011
0
100001011010100
110010000011011
100110010011001
110001111111010
110000111011101
110101101000001
110100110100101
011100101101100
111010100000101
010111100000101
111011001011100
100000111010111
110011001010101
101010100001111
101010110010110
101000000001010
0
010001001111000
101110111011101
001110001010000
001000010010000
010011001100101
100000000000011
100010110010000
101011111011000
100011111010001
010100110011010
000011111101110
010010100111100
000010110010011
001000101111000
001111001110111
001001010110111
0
110000010011111
000010011011110
100011101000111
101101110110010
000010010111000
101001011101110
001001111111010
111101101111011
011010000011110
111101110110111
100000001101010
000100010110100
111001010000010
100010100000110
101111001000111
110101010100110
0
100100010110111
001110010100000
010000000000101
000010110011100
101101101110001
001100000101011
001101111010111
000100100111010
000011100100010
110100100000000
001100001110001
001000100101101
010111011101101
101101000001111
011110100010111
111010010001011
0
101110110111011
110100110010110
011100001000111
010010001110001
101000001010000
101010011010100
000100100111010
011011110001011
100010101101111
001111011011101
111100110100011
110111010001000
111011100011110
111010010000100
011110101110001
010011100010100
0
010011110001101
100110110111101
101000100100001
000111010110010
010111011100010
000001110010101
101001000100010
011101000111010
111010111111010
001111111110110
100011011111010
101000001010000
011010100001001
011000101110010
111111001110001
110100001000010
0
000101000001010
110101000001100
001100011100111
110000001011100
100000111010111
101111101100011
011110001101001
110010001111101
110110000110110
010100100001100
111001110010101
011101000110101
000111110011001
000001011100100
001110100101110
000111011101000
0
101001100000110
100010001111000
001110010100000
100100001000111
011111000011011
101010011010100
011001000010111
111001011101011
100101110001000
101110001101111
101011001010110
100010000010001
111110110111110
011100011011110
001000100011110
101001011011101
0
011110111010100
111011011000101
101100111110011
000101101000111
011001011100111
100100110100000
011111101011001
010110011110110
111110010010101
101000001100011
001011101001101
100001100001111
000001000100111
010111011010001
011001011010100
100100000101110
0
011010111110110
011110000000000
110100101100110
001011001011010
111000000111100
100111011101011
000000011000011
011100100001010
011000000111111
101101100011000
100000001011001
001011111101000
110110110111000
100111100110000
100000011000000
100101110001000
0
011100011010001
001010001111101
001110101111011
000011110000111
101011110111110
111011011001010
011010110101100
101001110010000
000010110101111
011001111111111
110001000011101
101010100000000
000000000110011
111101011000110
100011110111000
110111001001011
0
111101101111011
000101001101100
011101111100001
110101110110001
000100001111000
101010111000011
100100000101110
100100000100001
111011101110111
111101010101111
110111100000110
110000011110110
100111101011001
110000101111000
100001000010111
000000111100111
0
000110001101010
100001101101001
000110101110010
101110111011101
111001111110011
110100001001101
100111011010111
110101010101001
000011111101110
110011010010110
111100111001010
010000000001010
001000111011101
100000010011010
101010100110011
100110100010111
0
101011010010101
000100101011100
111111001001101
000000100101011
110001011101101
001110110111000
111100010111011
111001010110001
101010101011010
000101000001010
011000111010111
100000100011011
100101101111000
100100110011100
000111110101010
010111000101110
0
111010101011111
000111100001111
110110100100001
011011010101111
111111001000010
101111100001010
010110001101111
110110100101110
000111001110001
110010110100110
011101001010011
000100001111000
101110100010001
001000000111010
000110010101001
111111011100111
0
010101100010111
011111001000001
110111101011100
111011110110100
011101001100000
100111001110010
110101000000011
011010000101101
000100100001001
011110000001111
100110011111111
101110011111001
100100011101101
100011111100010
111001101101010
110001010111000
0
100000010010101
010010000100100
111001100111111
001101111011000
100111001000001
010111110011100
101001000011110
110011101110001
100101000110101
010110101001011
010000001101100
101001110101100
010101010101010
101101010101010
000101101111011
010111111111010
0
110010000101000
011100110100000
011010000011110
100111011101011
110001110101111
001010100000011
000011011001010
111011100100010
011010100111010
010111010111000
101101010010110
100100100111001
011110010010110
101101110110010
011111100000011
001110001100011
0
000110111011000
000001011101011
110111110101100
110010010001101
110101100101000
000100001110111
100010010111011
101000011111010
111011101001011
010001010000111
001101001010110
001000000001001
000111111110000
110110111010001
101100111111100
001000011000101
0
101110011001010
101110100101101
001101111101011
111111110100101
111001010001101
110001010000100
001110101111011
001010011100100
010100111001111
010000011000110
000111010111101
111111000100100
111001011011000
010101110001110
110111011011101
110101000000011
0
001110011001001
010000011111010
100111101010110
011111001001110
100101101110111
100001000100100
100011101001000
111110100011011
011000000111111
100001110010110
100111111001111
100010001000100
100001010111101
100100110011100
101011100100111
001111001000100
0
110101110001101
010000101000111
110010111111100
000101010100000
000001011101011
100000110001101
000010100000101
100101000110101
011010100000110
101100111111100
111011101000100
001111100111010
001100101010101
100001011010100
001110110001011
000110100010100
0
010001111001010
101011101000001
000011110001000
110000001010011
001000111101110
111000100011000
100000101001110
110110001011111
000111101010101
001011110001110
111010101100011
101111111001001
001101100100111
110000111011101
000000010101010
100111011101011
0
010000100101110
010010111000011
010110010101100
000000000001111
010111110011100
111110100010100
010101010011001
011001010000001
111100111111001
111101111101101
001101111100100
100110110110010
101010110100101
001101011110011
100110011111111
101000001100011
0
111011111100001
000000011111111
111101110000100
101111001000111
011001101011010
001001011101101
111101001010000
010010001001101
101001110100011
010110011000101
000110011110011
011100100111001
100011111100010
101100100001100
001110010010011
000001111001111
0
001011100010111
010110011000101
101111101101100
011111000100111
110111011100001
100111100000011
101000011110101
100010000101101
101101110001110
100000110001101
011001000011000
101011100011011
110001111111010
011010000101101
110111100001001
010110110111011
0
110100010111101
000011110110100
110011001010101
000011001100000
000111101100110
011101111011101
111101110110111
000100001001011
110010010000010
110101000000011
100111011100100
110011010101010
110110110000100
001010011101011
010000010101111
111100001110111
0
000100100000110
100001101101001
111010010000100
011101101111000
101111010000100
110011000001111
001111101100000
001100110101010
111110110110001
110011001100110
010000111100010
010010001110001
111001111001111
000011100101101
001010001001110
010111010111000
0
110001111001001
000011010011111
000001001110010
100100000010010
001110100100001
000011100011110
001101010010101
000001001000001
010110001011100
101101011000011
001011111101000
011110001100110
111000001101001
001110001101100
110101010101001
000000001010101
0
000000010101010
111001110101001
111010010110111
101001000100010
101110110001000
110011011000011
000100001000100
010100100110000
111100011101110
111011100010001
101101101111110
110011100101011
010011010010101
100100010001011
110110010011100
001101001101010
0
001111001000100
001101111101011
010110001010011
000100001001011
011111000011011
011111100000011
110100110100101
001101101111101
100110101001101
001110101001000
001101001010110
000011011110110
111000110000001
101000001101100
011100111001001
101000010101111
0
010001110010000
110100111110000
010010001000010
101011111101011
111110111011000
010011111101011
000100110010000
100101001010011
110011000111100
011011110110111
011111001110010
110110110000100
101100110101001
000000100101011
101101101110001
011000010101001
0
110011011110000
001000100010001
101011011111100
110101001101010
111001110100110
011000110001101
101111000100001
010111100111001
110001011101101
010001110101100
110011110000001
100001100110011
100000011111100
101000100101110
001111010000111
100111011010111
0
000111100111100
011101010100011
000101000000101
101100101100101
000010110100000
010000010011100
011011111010001
001010101010110
110001110010011
001110101110100
000111111000011
101011001101010
111010110010011
010110000110101
010110100100010
010100001000001
0
100111100001100
000111010000001
100100000011101
101100001110010
110001110011100
000111110010110
110101011111100
100110010100101
100111111111100
101010001110001
011001101100110
001010011100100
001000101000100
001000111100001
001000010010000
010110110001000
0
111000100011000
111010001111011
010011101001110
110000111100001
100001111110000
100100011011110
000000111100111
110101101000001
100001000100100
000101101001000
100100011100010
011101110111011
011000101111101
101110101111000
100000011111100
010110010010000
0
011100001001000
101101101111110
110100000100100
110000100100010
010100000010100
101111101101100
010100110010101
101100110100110
000110010010101
110110001100011
101010010001110
011100111111010
111100110010000
000101010010011
000100110100011
100001001111110
0
101011000110000
001001001000111
010000110000100
011001011010100
010011101000001
010111110100000
001000010010000
001010100111111
100110100101011
111110000110000
100100001110100
001001010001011
101100110100110
110111000011110
110110100101110
010011001010110
0
110110011110101
001110000110110
100000001010110
100010111001010
010100001110010
111111110011001
111110100100111
111101011000110
101001001110111
000011110111011
010011100100111
000011110111011
111000001101001
101110000111010
101010001110001
001010100001100
0
011100000101110
000100100001001
010101000110011
101101101000010
101100001110010
110111111111001
101111101010000
101001010000111
110001010111000
000101110110111
111000001011010
101101011000011
110011011111111
101111011100010
100010110100011
000001001000001
0
100101010010000
011100000101110
111011100010001
110010010111110
101111111001001
011010111110110
110101101110010
001110011110101
001000110110100
000111001000010
010100000101000
100111000100111
100101100101101
010100101100101
111000110111101
000010000101110
0
001110000000101
000011110110100
100100001000111
110000100101101
011000011001111
011000000001100
000000111010100
100100100001010
001011000111100
100000111011000
011101011001010
100011001011111
011011111100010
110001010110111
010000010100000
101101011110000
0
011000111100100
100101011000101
010010000100100
111111001110001
110110011111010
101011100011011
110101011111100
011110010010110
111110000001100
101101000110011
001110010101111
000011001010011
101000111011110
001011111010100
000011100011110
100001000101011
0
010010100001111
011010100001001
100110101001101
110000100011110
001001101011111
101001100001001
001111000100010
010110101110111
000101000000101
001001110100000
100110011110000
101111000010010
011100000010010
101001110101100
101001000100010
100100101011111
0
000101101110100
010011001101010
001001011010001
101110001011100
010101011001100
110101110000010
100011111010001
010001000101101
010100111110011
100011101001000
011101101111000
001000100100010
011101101110111
110001010001011
001011000001111
101101110111101
0
001000001100000
100000110111110
011001010001110
101111111000110
001011101110001
000101111010001
011111001001110
100100110011100
001110011110101
101101011110000
101101100100100
010101001101001
100000000110000
111001011101011
010111000011101
001011011000011
0
000011000001001
111000111011011
100100011100010
101100010000010
100010001111000
001101110000010
100000001010110
110010001000001
100111011101011
111111000100100
001100010111101
111011111101110
010011111100100
001001010111000
010001101010011
010110100010001
0
101100100111111
100101010101100
110001010001011
010000010011100
010001110011111
110011011000011
110101000001100
101001010001000
010101000111100
100111111111100
111001111111100
111110110110001
011100011100010
010010111000011
010100000101000
101111001000111
0
011010101011100
101001111110110
001111001001011
101000000110110
110000001101111
110011000111100
111010100000101
011001010111101
010001111000101
111100110011111
010000100011101
111111100001111
100100011100010
011011100011101
111110001011001
111000111101000
0
000010101010000
011001101101001
000100010001000
110111110101100
101011011000000
010111100000101
100000111101011
101010100001111
100101011110110
010011111101011
100110111100111
111110011001111
101001011011101
001101010011010
110111001001011
111000000001111
0
101001010110100
000100101101111
100110000000000
101111001110100
111100000100010
111011101001011
001101011110011
011000110111110
010101011001100
010000101111011
100100111110101
001110001011111
101011000111111
101011101000001
101000111010001
000011100010001
0
100000000110000
111001010111110
111000000000000
111011111100001
111010011100010
011101011111001
100110001100110
011011000001010
010110011110110
001110111010001
010000011110101
111001111110011
001010101011001
111000110110010
100011100011101
001101100100111
0
110111000010001
000101010010011
111001111111100
110000010011111
110100011011011
011001101100110
001101100011011
101110111100001
111011001100000
011100000101110
001001101010000
011100011100010
001101100101000
100100011101101
011000001101010
010101101000010
0
000011000000110
001001001000111
100000101000001
000000100101011
111001111001111
100100010001011
011110101110001
001100011010100
111101101001000
101111011100010
100010011101110
110011010100101
011100000100001
100110111011011
101001111110110
100111111111100
0
111010001001000
101010001110001
110101000111111
011011011110101
010001101100000
100110010010110
100011111010001
100110000000000
001011000111100
101011001101010
000000101110001
011010010001000
101001100111010
101010110011001
000110011001111
101110110111011
0
011100110011100
110100111001100
001111110011111
011010011010010
101110100010001
000010111001001
100111010111110
111111011101000
111101110110111
010111010110111
101001000010001
000111101011010
000011010101100
001111000101101
011111111000000
111010110100000
0
001110111011110
010100110010101
000100111111001
100110100011000
010010100000000
010011010100110
001110110110111
011000011000000
011111101011001
101101001100110
100010101101111
100001100111100
110001100001010
101010011010100
110001100111001
000011011110110
0
011000010101001
110110011001001
111010001111011
111000000001111
011011001010000
100101010011111
010001010001000
000001011100100
101110101111000
101011100101000
101111111111010
001100011011011
010100101010110
001000001010011
110101010101001
001101000000011
0
101110011111001
000111011010100
100100011011110
100010101011100
110011010100101
100100011100010
110111110010000
100010101100000
000111101100110
100000110111110
001110111011110
111011011000101
111001010000010
111100010111011
111001000100111
010010110101010
0
000111100111100
100010001111000
001001100110110
110110010011100
110010100001100
110010010111110
001001110100000
010111101011111
111110010010101
010101101001101
101100010001101
111110000111111
101110000110101
100001010001110
000000110000001
110110010100000
0
011111010000010
110110110000100
000111010110010
001100100001111
011110110110010
110000000001001
101010011100111
111000001011010
000010100001010
000001111001111
010110110000111
000110001100101
000111111111111
111101110111000
110101001011001
010011111011000
0
100000101000001
111001001110010
001110101110100
001111110011111
100111011011000
010110111011101
010010111110000
110100011011011
011111110010101
100100100110110
110010110100110
011100001110100
100110110001110
100100111111010
111010001000111
100100100000101
0
111001111111100
000011110111011
010011010101001
101010000101011
110000101111000
101000010011100
100111010110001
000001010111110
010011010010101
010111111110101
111100101100000
101110111101110
111101010100000
000111001110001
111011010010000
110001000101110
0
101010110011001
100010001110111
010010001000010
011111100000011
010100100001100
110010100111111
011110010100101
011001001001101
000111011101000
000010011101101
100110111010100
011010111110110
100101100101101
000100010111011
101101011110000
011000010010101
0
000100110100011
010001000100010
110010101101010
000110000111111
111110000001100
111100110100011
111011001100000
010000111010001
111001110011010
010101100100100
101111101101100
100110100010111
110111111000101
101100010000010
111000110001110
010011111010111
0
011111001111101
000111110100101
011011110111000
010101010101010
111101100101110
110111011100001
100101000001001
001110010011100
111000011001100
001110100011101
111110011000000
011010110100011
100110010011001
110000111101110
101111011011110
010100001110010
0
001010000010100
100010010111011
000100000101101
001100110010110
100000010011010
001000101001011
010111100111001
101011001010110
010110100100010
110110101001000
110011010011001
010110101110111
010100101010110
110001001110100
100101010010000
000110100011011
0
111101001101100
010100010000010
100010010111011
000111101101001
011100011100010
010010000100100
110011100011000
000101000001010
000011101001011
001100101101001
000000111100111
001101001010110
100101011110110
010011010011010
110011111010100
001101110110001
0
111111011011011
110000010101100
110000011001010
100011100011101
111010101011111
101001000101101
010110111101110
001101000000011
010101000110011
111101111101101
101101100010111
010001001110111
000010010111000
001111100001001
100110110001110
101101011001100
0
000011111100001
010100111001111
001101001100101
100110001010101
010011110000010
110101001010110
111010101100011
000000101001101
010110101111000
010100101010110
100100000010010
110101000000011
100100110101111
001111110100011
110000010101100
100110000001111
0
000111100111100
100000001010110
110000111100001
010010010111101
001111001110111
000010010111000
011110010010110
101100011010111
101101000110011
001000001010011
110110101001000
101110111011101
010100001111101
000000001011010
101001011101110
000100110100011
0
001011110110010
000101100010010
100011110000100
101010111111111
011101010101100
101101111100111
100010011011101
001000011000101
100100000101110
000110011110011
011001010001110
111000000000000
111111001110001
110110101000111
110100101100110
011100100001010
0
001110100101110
111001000101000
001111101101111
010011101001110
100001010000001
100001101101001
111111010001110
010111110100000
011000010100110
111010001111011
111010000100001
111001100001100
101101011000011
110010010111110
111111100001111
101011101111101
0
011011000110110
110100100110011
010111010000100
011101011000101
001110001101100
001001101100011
101011110111110
100001000011000
110110101000111
001110101001000
100101101111000
110001110101111
010001011011101
001010110101001
110010000010100
010101000110011
0
000101100010010
100001011011011
010111111000110
011100111000110
010111110101111
111000111100111
111101110110111
110100100000000
101010000011000
001000111100001
111110011111100
101111111000110
001001001000111
100110101111110
111010100001010
001000101001011
0
010000011110101
001001101010000
100010000011110
000001011010111
110110101110100
110100100111100
000000000110011
010000100100001
100010110101100
001011101110001
001001011011110
000100110011111
110100111001100
001001010001011
111000100101011
100000001010110
0
111011000000110
111100010000111
100010111111001
111100100001001
011011001011111
010000110001011
110011011001100
011101001010011
011010010001000
101010010001110
110001101100011
001010101101010
010101011001100
110110100101110
111000100101011
000001100001100
0
110001101100011
011100010000100
000100001111000
101111111001001
101111101010000
111100101101111
001010101101010
000100110101100
011101101000100
010100101100101
011000001101010
101111010110111
110110010101111
101111010110111
101101100101011
011010110010000
