0
000000000000000000001001111111111111111111110000000000000000000000100111111111111111100110001111111111111111111110000000000000000010101100111111111111111111111001111111111111111111110011111111111111111111100
0
111110000110001001111001111011000101110100001100001011001101100001001111101101011110110100111111101010100101100101011101011011010101000011000101110000001011011110001001001000101001011011110111011001111001111
0
111101000110000001101011111101010000000101010100000010111101001000011000001000010001011001010000011111100000011100100001001000100011110010000001110110001110010100000101010001101111101100000010011100000101110
0
000000001100101011111000000000000000011001101011111100101100111010000111111100001010101110101111101100110000101010000011011100001110100101111101100111011010111110001101101010100101001000001010001010100001011
0
000001011101011000110101111100100010001001110011111101000001111111100111111110000110011100100000111010001110001010100011100010101000011100000001000100000000100001111110000100110011101000001110000001011100101
0
111010001011001100110000000111101010100110010100011111001101000101010111110011101101100011001111111101101111101011000000110111001010011110000001110011101111000100000110110101010111100011101011010111111011000
0
000001010011100010101101111100100110110100001111111000000101111001110000001101111011010110001110001111000110000100011101010001000000010110111110000010000010111100001000111111000001111011111111110011101010111
0
000111111000001011111001101011100111001111010011111000010000001011101000010011111101011110101111010111101100000001000000010100101110101111000001010110000110101001111101001100010001010011111010000110001011110
0
111100100010110000110110000000110000001000011100000010100001111001000111000101101011100011100000010011100000000101000010100011110011111001000100010101000010010001111011001000001001000000000101010111100100001
0
111101000110111000000100000100010101010100110011101101010111101000001000001010000110001111101111100111110010111110000000000000001000001110111000110001111111010110000011100101000011001000001101000111111101000
0
111100100100100000101110000110010110110100010111101100000110011000101000101110101001001110100000101000000111000011111101111110001101011001000011001110000100111101111111011111010010011011110111111011010010011
0
111011010111110101000001111010110011000011110111110011111000011001110000010000001000110110000000011100101000000110000000110111010100101011000001110101000110010101111111001101111011100011111100111110001010010
0
000000011000011100111011111111110111011100111011110100101110000011111000011111011100001100110001111011000010001111011111000001100100100000111100001010010101101101111100000111110110011011111011001110010100000
0
000001011100101101110101111101010100001010000011111110011000110011100000000111010001010100111110011010011000001100000010001110010111001100000011001010100010001000001000000001101000100111111101001001011000011
0
111010110100110001000101110001010010011001010000000010001110001011110111110011000111001010101110011011001100000010011111101000011001111010111110001001100100011000001000000010101010100000001110000010111001111
0
111101111000010100000100000000000010010001000111111001010011010100111000010001100001010011110000000101000111000010000000100000111001011010000111111000111110100010000110101000101101111100000110010000100101110
0
111110011011110001010011110111110111101001000000001010111000100001001111111101111111101100001111101010001000100110011110010100010001111010111010000011000000100100001111011011010101110011011111100011110100110
0
111100110101000011001000000000010000100111100000000011001100010001010111101011100010100011101110010000111000001011011101100100110110011110000010000100111010010100000010000101001111001011111110111111001100100
0
000010111010000110001011111101111110110101111011110110100001101111111000000001010100000011101111100011011100100010011110111000001010111000111111101110000111111100000011011011110111010000001110001100100110000
0
000100010100110100110111111101101111010011011100001001000001111011001111100100001000000001010000010000101100101101111111110011110000101111111101100000110100000110000001011001110011111000000010001100011110110
0
111101100010111010010110001011111001011100101111101000000000101101001110111011011001010001101111110011111011111011000000000001100100001010000101010101011001111100000000100011010011010011111111010001111100100
0
000011010011010111000011111101010011110001010011110011101100001111011000100101101001100011111111000110110111111010100000100001110100001011000011101011011011101100001111011101000111100011111110000100111010000
0
000101100010111101100000001010001001001001011011110010001011110010000111000111110100010000001111010011011000011100000000111101001010110010000011001111010011110001110101000111111111111111111100001000011001001
0
000001000111101110001101111110101101010100100111111111110000111001010000000001100100001001010000010001101111100000100000001011100110101010111010110110000010001000000000011011001001101011111011010101000011010
0
000000100101000100001000000011111111001010110000010111010100011010000000000110111110001100001111110110100111100110000000010111110001011000000001011111111001010010000010000110011110100011111000100001110111010
0
000000110010000011100011111011010010111110101100001110110101101110100000001110101100111000001111100001110100000110000000001010100001001000111100011110101101010001110101000101000110100011111111110010111110000
0
000010110000101111110100000101101001110010110000001010010101011100110111101000100011110100000001100001010101100000100001100110001111111100111101011010011010100001110111001110100001010111110100111011100010001
0
000110100110000111001011111100111100111100110100001100000100000111001111101001010101000010111111100100110110101100111111110101111010000000000010110101011101110110000011011001100111101011110111101100111000011
0
111100111100010110111100000110011001001111000000010010001101000000000000000011101111110110111111110101100011111001111111111011011011100010111100101100101011000011110110010110010010011100000110111101111011000
0
110101011101011011001111101011111101010011010000100100000010111101110000001100111101110001010000001011000110000011100001101110000011101000001001000000011000110010000001101001111001001100001110101101000011010
0
000000011011110000111101111011001000101100011100001101000001100001110000010111110100001111110001100100011000111100111111010100001101011111000000011111101110110100000010101101001110111000000110111100011001111
0
111001011010010011010001110011011110011001110011110011011111000011111111100000000101011111101111000011011010111110011111000101011000110101111111111010110110111100000000001010010100011011111111101000110001001
0
000011100010000000001101111011111110000101011011111011010100101100000000101100001000100111000000010101111101111100111111110110101000111111111100100111100010001000000000001110000111000100000001000110001001111
0
111110001111111011110100000001100011011011101000000011010110000001000001010010111000101110010000001111110110100010111111111011000001000011111110100001011010110101110110100111010110100011101110100001011010111
0
111110001101001011111110000100011011000101011011110011110000110000111111101100000100001101110000010110011001010011011111001101111111101001111100100001010110011000000011010000100111110100000101101001001011110
0
111010110100101001011000010000001011110000110000000011110100101000000111011111100011100110100000110111101111001001011111001011101100100000000011010100011110111011111000000011111000011011110110001101000111101
0
111101010010010000101110000011000010001100101111111010011100000100100111111101100000011010000000000100010110100101011111111010100000011110111111011000010111100100000000111101010011010111111101001011101111011
0
000000100100000111010100000010010100101100011011111100011110111000001000011001011001110111111111110110010110101000100000110101101110011001000010001000100111100111111111010000010101110011101111111100010110110
0
111111001111110100000001111101010000000000011000011100011111011000001000000101010111000010000000010000111101101110100010111010000110111011000000100000110101011101111101100110000001100011101010000011100010111
0
111111100011101010010100000100001001110011100000000101001101010110100111110000111110010011100000111111100011010101111110111011000101110111000011011010110010101000000001111111011010101111111111010011111101100
0
001000000010000100011100000011101100100000001011111110111011010110000111010001101100100011001111011100111010110000000011100101101000010011000110010000101100001011111011110111010001101011101011110111011001011
0
111111000001110101110100000000011001010111001000000101011111001010010000000011110110001111110000010011010100000110011011100011011000010100111111000000011100110101110111010001111110000000010011011100000000000
0
000010011000000000010000000000001100001011011111101001111011100010001111010010010000100000010001001011111110101011100001100001011110111011000011101100000111111010000010010101110110110100000101110010010100000
0
111111101011001011000010001010010011011000100000011100000011100000100000000000101110011111001110110110101111100000011101000000100111010000111100001110111010010101101011101101010011000000011011000011110101111
0
000001110111011011001101111010000010011101001011110100110001101110101000001001011000000110101111010010001010001001011111001100101111100110111111110001011100010010000101100011011001010100000011110001011000111
0
111010101101000010100001110001110110101111100011100101100110111000000111100000011001000010001110100111000001001110011101100000100001101100111111011111010001111000000010111011001001101000011100110010111111110
0
111101000110001101001001111111000000101010001011111111111110110110111000010101111111100011010000000100011110000110100000000000010110000000111110001000111011100010000111110000000110110011110110100010001001000
0
000000111000001010000100000001110110111000100011110111101001010111100000000111111110011110000001000010011001000111011110001010010110001011000000110101010111110010000110111110011101011111111001011001010110000
0
000110001111010011110100000110011110100010001011111000010010101010011111010100100011000000101110101110111100101010111111010101111100010010000110101101010000100001111000110111101101100011111100010100100110111
0
000101001000110110010011111101010001101000100011110101011110001110000111100011010010110001100000100100111011101000111110000010111010011111000001011011001110010000000101010010111101101000010011110101100101001
0
000001001011010011101101111001110000001011111000000100011001010111100000110011010111000110010000010111010100000010000000111011001001000000111101011000010111100100000101100010010101000011111111101001000011000
0
111101111100111100100101110110011111101000010000000110111100110101100111100111110011000111101110100100110111011000000001101110111111010000111011110110111100001100001100010111011111010000000011010011011011100
0
000001010101111111000010001001101100110010011111111000011010011111111111111110001100100111111111000101110011011100100000011110100000011100000101010110010100111100001100101010101010110100010001010101110001000
0
000101101110001110000000000101111001101010111011110111000110000010010111111001010111101001101110110000101000000000111101001111111001000010000100011101001011001101111011011010001100101111110110001010111011100
0
000001100011001101100011110110111100101100101100010010101100100111001000101011100000100110111110111110000000001010100010000001010110100111000001101000001010110110000011010111100101100111011011010100110100110
0
111111000010011111100001111001110011010101000000000111101110110110010111011101111110110110001111010100011110111100000000011001101100100100000110110111011001010000001111110000010100010011111000010001011101100
0
000000110110000101010110000000110101101100100011111111001110010111001111111000111000100100001111011010110110010010111111101000010101010110000000011110010000010010000000111101010110010011101111101100110110000
0
111110101100100100000011111001110001111000000011101110010111100011011000100011101111101010100001111010101100100010000000011100000111000010000110111110101100001100001101100101110100100011111111111111101101100
0
000001000100110010101001110101001111100000111100010010001111010010000000001111011000000111001110011001101011010000100010001101111110000001111111010100111001110010001100001101101111100011110011000011001101100
0
111110110110101101110100001000011111010101000000001011110001111111100111100111100110001111100000011001010110000001011101000010010011101100000001101011110010001001111010111010000001000111101000010000110101010
0
000101001000010001010011111011111001001110100000001010010001000000001000110000010000010101001111100011001100010000000001001010000001111110111110111010111101111011111101100101011011001000000100000100000011100
0
111111110110011100110000000001010001010011110000011001100011110010110000001100100000110111001111010110110101110010000001000111000000000101000010010101111100101101111011001000001100001000001000000011110010101
0
001000010000100100101101110111000100011100000000001101101000111010010000000110100000010101001111101101101011010010111111110111101000101110000011111011100111100111110101100101100111100011110011111110011010000
0
111100101011101000010010000001100001100111110111110111010111101010111000000000100001010011101111111101001001011011011111001001110000110111111111101001011111111000000000101111001010001000001011101010100100011
0
000110001000000001000000001001111011000111011000011010111111010111011111110111000100001100101111011001010101100100011110101011111100100000111111001000111010101110000000110001110101110000000111111010010101010
0
111110010010000100110001110010010110011100101100000000101101000101001000010101110001111101110000011100000111101110100101000111110000010001111111111000001111011001101011101000101100010011111011001010111010100
0
111111101101110110110111111110011111011110101111101011101011010000010111110001010000001101010000111111101011001000000000001111111001100101000100010011100111111010001000100010101000111011110100010011110110010
0
111110100011100010101001111111110101000100101111101110111111101101000111100101011110110100010001000110110000011111111111000110100001001000111100010110000011110011111000101001010011100100001111001110000001101
0
000001100111011111011101110110010101000001101100001100100011101000111000000010101101001010001111110111001100101000111111110101100101110110000001101110111011110111111111100100001101100100000001001010100100110
0
001010000110000011011010000001111111000000011100000111001001100110010110100111011001000000111110010111010101001010011111100100101100101000000010000111001101111100000000100110000100100011111111101100000110100
0
111001010101111001111001111100101010111011110011101111000100110001111000101110010110011010100000001110001111011100000010000000111100110111000111110110111010110101101111110001001110101111111000001001100010101
0
000001010000110110110100000101101011010011100000001001010101010100100000010111010111110111011111100101001110111111000000100110111111000011111100010001101011110111110101000101011001011000001110111101101011111
0
111110000110101100010010000001010111101000000111110011110101100011111111011000111011100011111111001000010001111110111100111000001111110110000010000001000110000101111010111101111111101011100011000101100111110
0
000100010101111000111000000100000101111101010011110111111001000100000000101000101010100110101111100010100000000100000000011110010111101111111100101100101011011000000001100011010100001000000000110000010011100
0
000001011111001000100000000100111101011110100011110101011010010101000111110101011000110011110000011100000100001001011110111111011111111100000000110110000000011101111110011110001110111011111111001111111101010
0
111000101001001101000110000000101011000100110011111101011101111111010000011010101011100111000001100011100001110000011101111110010100000000000010001110111010111001110111110101001100010000001000000011010110111
0
111111100001011011010101111010110011000110111111101111110000001111011000010010010001010101010000011101000100110011000000101001111100011000111101000111000110100011110111111110001110111011110100101011001000010
0
111101010101111001110100000111100110110101001000000010100111010111101111111010111010010011100000100111110100101000000000111100001100001111000001110001011000000110000000000111001001110000000011010001001010111
0
111010010110101010100110001000111001001110110000000111000011011001000111001011011111100101101111100001000000010111111100111011110101000000000000111011101101101010000010101000001111011011110111100101110000000
0
000000010000011101010101111110000110111001111011111001110101010111000111101000000111110001110000111101000010010101100001100101110000010110000100110111011111110011111101111110001000000011011011111110110000000
0
111101111011000100111111111101011100001010111011111111010001001010111111100101010101111010110000011101110101011110100001111111001111111001000100101110001101110011111011100000010110101111110110010011011101100
0
111011001011101001010101111101100110111100011011111001100001110110010000000011010100001011001111000000000111101000111111101100110110101011000110110110011011010000000000000111101000111100001001100101111110111
0
111011110101100001101001111011110001000101010011110001011001011100100000000001110011010100010000010100011000100001011111011111000000111110000010110111110000001111111100111011001101101100000100011110110111111
0
000001010001001001001101111111000101100011101000000011100110111100001000000000100101001100011111010110101100111010100000000100011000010111111110110000110000101000000100111100100001110000010101100100000010100
0
000011000001100101000101111111110101110000000011100101100111111010000111101111100010111110100000111110000001100000000011100010011001000000111110010101010000010000000000110111011010010000000110010111011001000
0
111111010110000100010101111111101100111001101111110011011101010110010000011001001000110001101111001011011111100110100001111111111110010010111100010011010011001100001000110011101000001000100001011110000100100
0
000110110110010111000101111111010110001110000011110010100111111001000000101111101101010110100000100011110001011000011110000110010100101100000000110110010111111110000010110110111011111011111010011001111100110
0
000100010001001110100111110111011001011101000011110111101001010111000000011110011110100000011110111101110110111010011110001100010101101100111111110111101010101001110001001010001100111011100110001010010000100
0
000001110101010101000001111011110110111111111011111101010010100001011111111111100000100111110000000110110111011101111100100010010110110001000000110000111100001111111011110111001010000111110000011010100010111
0
111110011100110010010101111111111100000100110011111000000011101110010111111010000010110110110000000010010110110010011110011100010110000010111110101011010001110110000010111101011100111000010000111011000001100
0
000100111101011101000000000110001000011000000011111001101001110000001000001101000110010100101111000111101010100100111111111001001011110101000000010111001011111011111010111010101111111000100011111001111110000
0
111101111101000110001010001000111001010101001011101111101110000100001000100100101101010111101110100000001110001100000001101111100101101000000110000011100010000100000011001110010101100011110001001001011011010
0
000101010000100111011101110001110000110001000011011111000111001000000000000000100101011111100000011110111101101000000000111101100000000101111110011011011010111101111101000100111001111011111111101100011111110
0
000010100000000011101100000000010100100111010011111110011100111001011111000101000000010010011111111001011010000110100001101101111110011000001001100110000001001001100110110011101011100000001001010110001000000
0
111011111010111111010101110010100111001101000011111010101100111110110111101011010010001010001111111111101000110110011111010110101000000010000010111110101010011000001001101011101111110000001110101110101111010
0
001000011010001100001001111011000110101000111011110110010101000101011000101101011000111001101110100110001101010111000001110111001000000100000100110011110100011000000101001001101010010011111001010000100110100
0
111100010110100110010000000011011011010100100111110011101011001101111111101010010111100110110010100101010010110011111101010010110000011011000011101100001000100111111011001001001001111100011011101000100000111
0
111111001000001000100010001000011010001011101100000000010110001110000111100110111100001110010000011101111111011000011111101100001110010011111111100010101010000001111110001010111111010100001000110110010111101
0
001001000111111110011100011100101010011010000011011001101011110111000001000011110011011010000000111100110010110000100001100101110100111101000001010100111011011101111110110110101111110011111100100000101011010
0
000010010001101110000111111110010000011010111100000001100100011010111111110011011110001001001111111011111111110011011111101001111010110110000001010110110100000010000000011111100100001011111101111011101011010
0
