0
000000000000000000000000000000000000000000000001001000111111111111111111111111111111111111111111110100000000000000000000000000000000000000000000000000101000111111111111111111111111111111111111111111111000000
0
000111111111111111111111011110011011110110010100111101111111111111111111111010101101101111110100011111111000000000000000000000011011100101000100100000110000000000000000000000000100010110011001010110100100000
0
000000000000000000000000001110101111000000001101010011000000000000000000000000111001011010011100101000010000000000000000000000011011111101010100010100000010111111111111111111111110011110100110010000101000000
0
000000000000000000000000011000010111000011000111000000000000000000000000000000010001111101111011010001111111111111111111111111100101001111011000110101111100000000000000000000000010011101111000000101110111111
0
000111111111111111111111110100101010101011010011011110000000000000000000000011011100100011101000111101110111111111111111111111110011110110110101101001100100111111111111111111111101010011010001000100011010100
0
000000000000000000000000000100011100110001011011001011000000000000000000000000000011001010111111010000101000000000000000000000000000101111001111110110111001111111111111111111111111101110001011000011001010011
0
000000000000000000000000100001011100011011001001001101000000000000000000000101110110110101011110101000000000000000000000000000000011100101010011101010110111111111111111111111111100010111101001001111110000000
0
000111111111111111111111010110100101111000110111101101000000000000000000000001010101011000111101111000000000000000000000000000000101110001010000010011101000000000000000000000000001110101100011110100001110110
0
000000000000000000000000000001100001100111110100110000111111111111111111111111101111101001100000011010101111111111111111111111011011000111011001000101100100111111111111111111111100110111011000011111110111010
0
000111111111111111111111011111001001011111011110000110000000000000000000000101011111011111110000101000100111111111111111111111010010000001011100011010111100000000000000000000000100101000100110011101101101001
0
000111111111111111111111110011001111010000101001110100111111111111111111111011001111010110110110111001100000000000000000000000011111100011011010111001000011000000000000000000000100101000011111000010111001101
0
000000000000000000000000011111101101011110001001010100000000000000000000000110001011000000001101101000000000000000000000000000100010110000110011110010011100000000000000000000000101101001001100101000101110100
0
000111111111111111111111010000010011110110010100110001111111111111111111111110010010011010111101101000101111111111111111111111101110111101011001010001001011111111111111111111111100101101101111011101011001111
0
000000000000000000000000111010110110011010111110000001000000000000000000000000110000110100100111101111000000000000000000000000011111101100001011001010110010000000000000000000000001001111100000011010011011110
0
000000000000000000000000010100011101111111100011011101111111111111111111111101001011110010001100110000011000000000000000000000000111001001110111000010110101000000000000000000000100001001001100001101010010101
0
000000000000000000000000011010000010011001000100111110000000000000000000000000000011100001011001000111010000000000000000000000000101100110000011111111100110111111111111111111111111110100000111011001101110110
0
000000000000000000000000100110111100101010100000000010111111111111111111111101000111000101010110011100000000000000000000000000001010100010110111111011000100111111111111111111111110110100101001101111010001110
0
000000000000000000000000100101101111111011111100001000000000000000000000000101001001000100010101001011100111111111111111111111101101011100101010100111000000111111111111111111110111111000111101011011110110000
0
000000000000000000000000010111011001001110010111100010000000000000000000000001100101100111111110011111110000000000000000000000001010101001010111001111110100000000000000000000000101010011101010100100001001100
0
000111111111111111111111101011011001100010000101111000111111111111111111111111100101100101101101110101000111111111111111111111110001110010010101100101011000000000000000000000000010010000101101111110110111110
0
000111111111111111111111100000010101111101110011001011000000000000000000000001111011011111110101001110011000000000000000000000101010000111101000101000101001111111111111111111111101001101001010111100010101001
0
000000000000000000000000000110000101101110010000001000000000000000000000000000010111110100001000011001000000000000000000000000011101000011001001110111110101000000000000000000000000111011100100010100010100000
0
000111111111111111111111110111111110011101001010011100111111111111111111111101111001001100100110000101100000000000000000000000010000111111110111010000101000000000000000000000000111001100000001011000110100111
0
000111111111111111111111111011100110100011100111001000000000000000000000000001010100011111010101110110000111111111111111111111111111010111001100101100011000111111111111111111111111011011110000110100011111000
0
000000000000000000000000111010010111111000011010011010111111111111111111111100011100000101001100001110100000000000000000000000000101010100100011000100000110111111111111111111111110011010101000001111110111010
0
000111111111111111111111111101100101001010111111110100000000000000000000000100100111010100100010011011111111111111111111111111111011101000001001000100110011000000000000000000000010110111101000001001110100110
0
000111111111111111111111101110111111110110001110001100000000000000000000000010100001101110000011100001011111111111111111111111110010010100100000111111110000111111111111111111111011011110001011101010010101110
0
000000000000000000000000001000101010000010011110111110000000000000000000000010111111010001011000110011110000000000000000000000001001101111001001111101100001000000000000000000000001001101101111111010010000011
0
000111111111111111111111111100010001011101011000001000111111111111111111111111001110001111010010110011000000000000000000000000000000011101000100011011100110000000000000000000000000101010100101111110000101010
0
000111111111111111111111011111001000011111100111010101111111111111111111111001000101110011110110111100110111111111111111111111111011111010000100010011000101111111111111111111110110000100111001001010011101000
0
000111111111111111111111110100000100000000111000100001111111111111111111111111001100000110100110001100101111111111111111111111110110001011110100101110110001000000000000000000000011011100010101100111001101101
0
000111111111111111111111111110111001001111100011000100000000000000000000000000011011111001010001111011111111111111111111111111111110000111000110101101001011111111111111111111111111110100101010100110110101011
0
000111111111111111111111010011101100110011011000011010111111111111111111111110101001111000110000001011010111111111111111111111000100111001011000111111000100000000000000000000000111000111011110111100111010110
0
000111111111111111111111111011000011011000010100010111000000000000000000000001000001011001111110101111111000000000000000000000000001101110000010011100000001000000000000000000000000010100100001101101001111100
0
000111111111111111111111111101001101100011000101111010000000000000000000000000010110100000011011111110010000000000000000000000011101000101100100011010110110000000000000000000001000000000111010101110000100010
0
000111111111111111111111111000100101001000011001001100111111111111111111111110101011110000100101100001110000000000000000000000000111101011100001111011111000111111111111111111111111100110011110111000100001111
0
000111111111111111111111110111010111011101001001010001111111111111111111111110100111111110000010010100110000000000000000000000101011000110000001011110010100000000000000000000000110010110110100011111110110000
0
000000000000000000000000101000101010011011011111010100000000000000000000000000000110000011010100011011000000000000000000000001010100111110100100111110010101111111111111111111111011101100011110000100111000111
0
000000000000000000000000010010110110100110110110100110000000000000000000000010111011100000110011010111000000000000000000000000000100100001000101010101000011111111111111111111111111111001111101110111100110110
0
000000000000000000000000011101101011100101001000100100111111111111111111111011011000110100010101111001000000000000000000000000000011101100110101010111101010111111111111111111111111010001101011010011010001100
0
000111111111111111111110110001101110100100111110101000111111111111111111111111100001101111101000110000000000000000000000000000101001100001001110000101010001000000000000000000000100111010111110101001110110000
0
000111111111111111111111011000101000011101011101100100111111111111111111111101101111001011010000001110000000000000000000000000000110100100000100010111101000000000000000000000000000101000010101000101001010000
0
000111111111111111111111011100000001101000111101001000111111111111111111111100101101011011100100111000000111111111111111111111110100110000010100011000010000111111111111111111111101111110110111111000001111010
0
000000000000000000000000000101110111100010010110100001000000000000000000000000000000011011100000110010000111111111111111111111111001011011110110100110011111111111111111111111111011010100110000011110110001000
0
000000000000000000000000110000100111010000111100110110000000000000000000000000101100010011111000101001100000000000000000000000001111101001000100101001111110111111111111111111111011101011100101111011001100001
0
000000000000000000000000001100101010110110110011100011000000000000000000000001010011000101000111001011111000000000000000000000000000011101111001000100011101111111111111111111111101101011010000011001010101001
0
000111111111111111111111100110001001010111101101010010000000000000000000000000011000000010101100010111110000000000000000000000000110001010011001011101001000111111111111111111111100001101000010111000100110100
0
000000000000000000000000110010100100011100001111111111000000000000000000001000100111001011011110001011010111111111111111111111000101111000100000101110001001111111111111111111111100001101001010101001001101110
0
000111111111111111111111111100101101100001000000010001000000000000000000000001000000001000111010001000100000000000000000000000001001000011100001101001100111111111111111111111111101001101000100101001111100110
0
000000000000000000000000000000110100111110111100000111111111111111111111111110111010110101010100001010011111111111111111111111001011001101100010101000101001111111111111111111111111101101011101000000110100010
0
000111111111111111111111110110001101001111111011111000111111111111111111111110110011000011010011001100000111111111111111111111100100110101010101001100010001000000000000000000000000011101001001011000001101010
0
000000000000000000000000001110000110010010100101110111000000000000000000000001110010110001010001010101001111111111111111111111110000001101100010111100001110111111111111111111111100010010111011100001101000010
0
000000000000000000000000000100011000110100000011001111000000000000000000000100100001001011100001011010100000000000000000000000000000000100101101001111111110000000000000000000000001011110000001100000001111100
0
000000000000000000000000000010000011001100011111101110111111111111111111111100110000100011101000000010101000000000000000000000001110011010010101101001001111111111111111111111111100100110110010011111100010111
0
000000000000000000000001001000100111110010011011000001000000000000000000000100010000000111101101110101011000000000000000000001000001111001110001001011000100000000000000000000000011111100010111001001011011100
0
000000000000000000000000000110011000100101010001110101000000000000000000000001100100000110001110001010110000000000000000000000000000011100100110111111001011000000000000000000000001111110100100110100010010110
0
000000000000000000000000000111100101110001000100100010111111111111111111111100100100001000110111110100011000000000000000000000100000101010001111110000011101000000000000000000000001010000110011011010110010001
0
000000000000000000000000000010100000111010011101010000111111111111111111111111110100010110111010110101100111111111111111111111111011110000001111100000111100000000000000000000000000000001000010000110100110001
0
000111111111111111111111000110101001000010111011111000000000000000000000000101001111111010010001010000100111111111111111111110100101100100101010101001001010000000000000000000000101110011101001111110001100000
0
000111111111111111111111111100110110001001011011000000111111111111111111111111001111010011010101110101011111111111111111111111111011100001011111001010011100111111111111111111111110111000000110100100111000111
0
000111111111111111111111111011100111000010101110011000111111111111111111111111011110110011100111011101010000000000000000000000000010100101100010100001010000000000000000000000000010001011100111110001000011010
0
000111111111111111111111101011111111100110110110101011000000000000000000000000000110010101111110110011111000000000000000000000000001101111110000101110000001111111111111111111111110000011100111000110000111110
0
000000000000000000000001000000001011101001011011001000000000000000000000000001010110110000011011101001010000000000000000000000001100011101011110001010111000000000000000000000000111011000011111000001001011000
0
000000000000000000000000000010111111011101001100000101111111111111111111111010111010000010000101000011101000000000000000000000011000011000101001110101001111111111111111111111111100111101001111011101000010111
0
000111111111111111111111101010101101010000101111011000000000000000000000000011001000111000101010011111100000000000000000000000000010110100000111100100110000000000000000000000000010100011101100011100010001100
0
000111111111111111111111111101101010110100101100011110111111111111111111111110100111011101111110011100100111111111111111111111100111010110011000001100001100111111111111111111111111011000001100010000111000110
0
000000000000000000000000101110101000010101011010011010111111111111111111111110011111001011110111000000010111111111111111111111011100010010000100111001110100000000000000000000000110110010100101100101110110000
0
000111111111111111111111011111101101011111001110110100000000000000000000001000100000010001100100101101000111111111111111111111100111100011110011110000111100000000000000000000000111100101111010010111010011110
0
000000000000000000000000000111010011010100000011011100000000000000000000000000011000011101101111001100000000000000000000000000001111011010111101110010001000111111111111111111111110101100110000111111111000100
0
000000000000000000000000010001111101110100111010100000000000000000000000000001111100010000100010101000100000000000000000000000111000100111011010100001000110000000000000000000000101101101010001011001100100000
0
000111111111111111111111111000111100101110100001100110000000000000000000000001110011111110110001111100000000000000000000000000001110001010100100101011101101111111111111111111111011011001010011100010010001101
0
000111111111111111111111110100011101010111100011000000000000000000000000000000100001010101100100100111101111111111111111111111010101001110110001000110001001000000000000000000000010111010011001111000001110010
0
000000000000000000000000011101110100001110110001101011111111111111111111110111010010101001010100111010111111111111111111111111101110111101000000101100010110000000000000000000000001011010011001011110111101010
0
000000000000000000000000001100110111100010101000110101000000000000000000000001100001111100111111000011011111111111111111111111111010111100100110000101100001000000000000000000000000110010010011010001101111010
0
000111111111111111111111011100100011011110001101100100111111111111111111111101010010011000110111001000000111111111111111111111011100110100011100100001010000111111111111111111111101011101010011001100111001000
0
000111111111111111111111100010110101100110011100110010111111111111111111111101000111101100001001110000100000000000000000000000000011100001001110110100100001111111111111111111111111101100101000000000010000110
0
000000000000000000000000000110101101001011111011110111000000000000000000000000001101010001110011100010011111111111111111111111101000000100000101001110111010000000000000000000000010010011110111111011001001101
0
000111111111111111111111110001000011111011110001111000000000000000000000000111101101101100111101111010000111111111111111111111101100111100011110001110100000000000000000000000000011111100011011100011111010000
0
000111111111111111111111111010010100010011010110001011111111111111111111111011000100000001011011000000110000000000000000000000101001100001011000110110100011111111111111111111111101111001001000101110001001100
0
000000000000000000000000001101001011110101100111111000111111111111111111111100100100010111001011110001000000000000000000000000100100111100111010011101110110000000000000000000000011010101111101001010010011010
0
000000000000000000000001001110000101100011001001101110111111111111111111111001000000110011011101000011110000000000000000000000010010101010111110101100010101000000000000000000000000001001011100010010001111101
0
000000000000000000000000001100000110111011110010100100111111111111111111111111110101010011001010001001100000000000000000000000000010001110000010000001101100111111111111111111111111110010010101101101011110010
0
000000000000000000000001100110111111110010100110100110000000000000000000000010100110101110001000101101000111111111111111111111100011000001011011010110001100111111111111111111111110101001100110001100101101100
0
000000000000000000000000000100010001001111000100111000111111111111111111111111100111110011111100101110000111111111111111111111101100000010101010010111111110000000000000000000000100110010000010011010100001100
0
000111111111111111111111100001111010011011010010000101111111111111111111111111001111010110011010110110110000000000000000000000000101001110100011111111010010111111111111111111111111011101101101011111100011110
0
000000000000000000000000100000011010110011011100011000000000000000000000000010110100100000010000100001100000000000000000000000001000100100010110110000101100111111111111111111110110011011011011011000010001011
0
000111111111111111111111110001110001111111011000001110111111111111111111111110010110110001011010010000001000000000000000000000001001110000100101110111100000000000000000000000000000010001101100100001110001100
0
000111111111111111111111101011110000000101100100110100111111111111111111111011111110001101001111101111000111111111111111111111111000111001100111001010111111111111111111111111111011010111111010000010010101001
0
000111111111111111111111110100001111010110000010010100000000000000000000000100001010011110010101100100001000000000000000000000010010010111101011000101101000111111111111111111111111101010101100100001001011110
0
000000000000000000000000000100001011001110000100110111000000000000000000000110111011111000110100100100100000000000000000000000100110110000011000010010101100111111111111111111111111111010010100101000011110000
0
000000000000000000000000010100001111000000110101110010111111111111111111111001001011100011010100111001110000000000000000000000000000010011110000010110010110000000000000000000000000011000111110111010111010010
0
000000000000000000000000011111101010011001110111000110000000000000000000000101011011101111000001111101001111111111111111111111010001101000101110111010011000000000000000000000000100011101100000010000110111001
0
000111111111111111111111100100100110010011100001001010000000000000000000000101110101000001010011101000011111111111111111111111101110101010111000110101100011000000000000000000000000011111101111110110101001110
0
000000000000000000000000001000001000011111011101111100111111111111111111111111000111000010110001000001010111111111111111111111111001110111111110101001101010000000000000000000000001011110011010111111011101100
0
000111111111111111111111010100101011111101001011101001000000000000000000000001100101000000110010010000101111111111111111111111110001111001011100010010010011111111111111111111111001010110000111111101100011100
0
000111111111111111111111111111000010110010111000101101000000000000000000000001011000010010100001111001111111111111111111111111111011000101010101011001000000111111111111111111111111000100100001010001000011100
0
000000000000000000000000000110110111011000101100010000000000000000000000000001000010111111010110101010100111111111111111111111101100001110011001110001010110111111111111111111111101100101101010100000010101010
0
000111111111111111111111110000000001100111001011000111000000000000000000000010001111110010101100101011111111111111111111111111111110001110011111100000010101000000000000000000000001010001111111111011111001101
0
000000000000000000000000000100011101100011111111011110000000000000000000000000101001011001000111010111001111111111111111111111111101010101001110001101001101000000000000000000000000011000110001100000101010101
0
000000000000000000000000000111000011111011111111100101111111111111111111111111110010010100111101110010101000000000000000000000011010100100000111011010101001111111111111111111111111110011000110011010011011011
0
